Date,Close,Volume,Daily Returns,Monthly Moving Average,Quarterly Moving Average,lag_1,lag_2,lag_3,lag_4,lag_5,label
2018-07-10,2.127824993123727,-0.25033204893561606,-1.1292640134669154,2.393316318642523,2.153620781794794,2.4834125754071708,2.491946330128475,2.477723043870574,2.443586397234584,2.509014382154675,0
2018-07-11,2.1562715656395306,-0.28868702161051046,0.09341712629502774,2.363982293321029,2.151219036848758,2.127824993123727,2.4834125754071708,2.491946330128475,2.477723043870574,2.443586397234584,1
2018-07-12,2.159116331407829,-0.2876687479996725,0.0067917127366055865,2.326734971859428,2.149481345442134,2.1562715656395306,2.127824993123727,2.4834125754071708,2.491946330128475,2.477723043870574,1
2018-07-13,2.2217000931432125,-0.31210731465978225,0.2076055548069477,2.2989049001387385,2.146326877915688,2.159116331407829,2.1562715656395306,2.127824993123727,2.4834125754071708,2.491946330128475,1
2018-07-16,2.0936883464877365,-0.2544051433789677,-0.4280844005535682,2.270793710083354,2.1469346536256197,2.2217000931432125,2.159116331407829,2.1562715656395306,2.127824993123727,2.4834125754071708,0
2018-07-17,2.0623964656200444,-0.28529277624105076,-0.10928083381916588,2.238044174741188,2.1428160676200836,2.0936883464877365,2.2217000931432125,2.159116331407829,2.1562715656395306,2.127824993123727,0
2018-07-18,2.0879988149511406,-0.31584098456618787,0.0848867632852803,2.188146823116449,2.1402524471133506,2.0623964656200444,2.0936883464877365,2.2217000931432125,2.159116331407829,2.1562715656395306,1
2018-07-19,2.0951104580800903,-0.3524988345563524,0.02145496034173933,2.1130899569283184,2.1389294935044076,2.0879988149511406,2.0623964656200444,2.0936883464877365,2.2217000931432125,2.159116331407829,1
2018-07-20,2.102222643792632,-0.34265552298491936,0.021423928696127775,2.0311458255847703,2.1311738281322454,2.0951104580800903,2.0879988149511406,2.0623964656200444,2.0936883464877365,2.2217000931432125,1
2018-07-23,2.144893045149927,-0.3484257401130008,0.14221958922985936,1.9591811806515211,2.1209776990383946,2.102222643792632,2.0951104580800903,2.0879988149511406,2.0623964656200444,2.0936883464877365,1
2018-07-24,2.176184383434028,-0.3379035794676758,0.10269551584069023,1.8828592819572652,2.1153223029195747,2.144893045149927,2.102222643792632,2.0951104580800903,2.0879988149511406,2.0623964656200444,1
2018-07-25,2.0453284135938445,-0.3080342202164306,-0.44125199173878016,1.827058552539619,2.1094307565848713,2.176184383434028,2.144893045149927,2.102222643792632,2.0951104580800903,2.0879988149511406,0
2018-07-26,1.860422979323172,-0.3104101919750524,-0.6379792746808913,1.7787073115423195,2.1024208201775223,2.0453284135938445,2.176184383434028,2.144893045149927,2.102222643792632,2.0951104580800903,0
2018-07-27,1.8831805628859688,-0.3182169563248097,0.07828967002833581,1.7288099599175801,2.0946578668284297,1.860422979323172,2.0453284135938445,2.176184383434028,2.144893045149927,2.102222643792632,1
2018-07-30,1.860422979323172,-0.35691135353665,-0.08347565491386244,1.6744147953644863,2.0879596524874637,1.8831805628859688,1.860422979323172,2.0453284135938445,2.176184383434028,2.144893045149927,0
2018-07-31,1.8035287491243845,-0.33416990956127013,-0.20544254027223557,1.6429302657195268,2.082575983057584,1.860422979323172,1.8831805628859688,1.860422979323172,2.0453284135938445,2.176184383434028,0
2018-08-01,1.4991458655031313,-0.10234295082717407,-1.099498606178901,1.6124296234370776,2.0771666236435,1.8035287491243845,1.860422979323172,1.8831805628859688,1.860422979323172,2.0453284135938445,0
2018-08-02,0.92451647360482,0.06397507227635021,-2.2088871058560766,1.5801017655969536,2.0664480804376764,1.4991458655031313,1.8035287491243845,1.860422979323172,1.8831805628859688,1.860422979323172,0
2018-08-03,0.8192623105121406,-0.05889661009809017,-0.463908425013489,1.5579642195136905,2.0508711246341216,0.92451647360482,1.4991458655031313,1.8035287491243845,1.860422979323172,1.8831805628859688,0
2018-08-06,1.0354596256505053,0.021207580621158253,0.9695524785583735,1.540394725729075,2.0356447835087734,0.8192623105121406,0.92451647360482,1.4991458655031313,1.8035287491243845,1.860422979323172,1
2018-08-07,0.9387397598627213,-0.06296970454144178,-0.4152764491270742,1.5214196670799063,2.0177638457109195,1.0354596256505053,0.8192623105121406,0.92451647360482,1.4991458655031313,1.8035287491243845,0
2018-08-08,0.9984784845380121,-0.050410996674440975,0.2580353581727272,1.507785749554256,1.9991816881099227,0.9387397598627213,1.0354596256505053,0.8192623105121406,0.92451647360482,1.4991458655031313,1
2018-08-09,1.1776946585638828,-0.20824340635431604,0.7683814928730627,1.4972440532834872,1.9782104001909622,0.9984784845380121,0.9387397598627213,1.0354596256505053,0.8192623105121406,0.92451647360482,1
2018-08-10,1.149247814756285,-0.155972027664637,-0.12010831348114925,1.49710349411614,1.9554209667608395,1.1776946585638828,0.9984784845380121,0.9387397598627213,1.0354596256505053,0.8192623105121406,0
2018-08-13,1.1208006996568909,-0.29377838966469993,-0.12088646793824412,1.4924651488293585,1.937089248215706,1.149247814756285,1.1776946585638828,0.9984784845380121,0.9387397598627213,1.0354596256505053,0
2018-08-14,1.4564754641458364,-0.3134650128075661,1.400208777692634,1.497384612450834,1.9206608187287628,1.1208006996568909,1.149247814756285,1.1776946585638828,0.9984784845380121,0.9387397598627213,1
2018-08-15,1.4450964010726424,-0.14612871609320394,-0.04686777318738587,1.494011272861259,1.903230661678189,1.4564754641458364,1.1208006996568909,1.149247814756285,1.1776946585638828,0.9984784845380121,0
2018-08-16,1.4337178805830395,-0.2269117558863443,-0.0469749403908253,1.5090507552514625,1.8843980841278754,1.4450964010726424,1.4564754641458364,1.1208006996568909,1.149247814756285,1.1776946585638828,0
2018-08-17,1.6470704299531058,-0.30328227669918706,0.8280257263123431,1.5552936623563909,1.86576584826898,1.4337178805830395,1.4450964010726424,1.4564754641458364,1.1208006996568909,1.149247814756285,1
2018-08-20,1.7466350615091883,-0.23573679384693946,0.3676746458222974,1.590573222497429,1.846532568229286,1.6470704299531058,1.4337178805830395,1.4450964010726424,1.4564754641458364,1.1208006996568909,1
2018-08-21,1.7608583477670896,-0.23539736930999347,0.04906743697174427,1.6082832754493914,1.8221904508659073,1.7466350615091883,1.6470704299531058,1.4337178805830395,1.4450964010726424,1.4564754641458364,1
2018-08-22,1.9002486149121685,0.10572429032070427,0.5038280498530147,1.6415950340564873,1.7931401795616775,1.7608583477670896,1.7466350615091883,1.6470704299531058,1.4337178805830395,1.4450964010726424,1
2018-08-23,1.8319758642237782,-0.2571205396745354,-0.2440553527431328,1.67083067064173,1.7711521272271322,1.9002486149121685,1.7608583477670896,1.7466350615091883,1.6470704299531058,1.4337178805830395,0
2018-08-24,1.8575782135548735,-0.2778254364282395,0.08894431272357844,1.6876973819940686,1.7495647773819687,1.8319758642237782,1.9002486149121685,1.7608583477670896,1.7466350615091883,1.6470704299531058,1
2018-08-27,1.7893054628664833,-0.26017536050704915,-0.24611287125408143,1.7032990742447418,1.7265249144492565,1.8575782135548735,1.8319758642237782,1.9002486149121685,1.7608583477670896,1.7466350615091883,0
2018-08-28,1.9599876108792544,-0.23675506745777736,0.6139808455343783,1.7225552512286046,1.6981758581715318,1.7893054628664833,1.8575782135548735,1.8319758642237782,1.9002486149121685,1.7608583477670896,1
2018-08-29,1.7352559984359943,-0.17226440543804344,-0.7876963095988202,1.7283180430452447,1.675787117677517,1.9599876108792544,1.7893054628664833,1.8575782135548735,1.8319758642237782,1.9002486149121685,0
2018-08-30,1.8035287491243845,-0.2883475970735645,0.24665766854833937,1.73225361930421,1.6537990748962454,1.7352559984359943,1.9599876108792544,1.7893054628664833,1.8575782135548735,1.8319758642237782,1
2018-08-31,1.860422979323172,-0.31210731465978225,0.2022192457543582,1.7359080772284803,1.6313602513676946,1.8035287491243845,1.7352559984359943,1.9599876108792544,1.7893054628664833,1.8575782135548735,1
2018-09-04,1.533282512139122,-0.014431995758168377,-1.1681018762511295,1.7304263769376147,1.6066925727849675,1.860422979323172,1.8035287491243845,1.7352559984359943,1.9599876108792544,1.7893054628664833,0
2018-09-05,1.3938919737022475,-0.16819131099469184,-0.5340191569379111,1.7304263769376147,1.5834523586075644,1.533282512139122,1.860422979323172,1.8035287491243845,1.7352559984359943,1.9599876108792544,0
2018-09-06,1.6129337833171151,0.3063241916557713,0.8576619914709326,1.7197441214994977,1.5593606707467755,1.3938919737022475,1.533282512139122,1.860422979323172,1.8035287491243845,1.7352559984359943,1
2018-09-07,1.5901761997543182,-0.012056023999546603,-0.08805810298053299,1.6997851754878186,1.5319632685514202,1.6129337833171151,1.3938919737022475,1.533282512139122,1.860422979323172,1.8035287491243845,0
2018-09-10,1.5190586832976296,-0.09012366749711923,-0.27056248277673983,1.6808101168386496,1.506368984568547,1.5901761997543182,1.6129337833171151,1.3938919737022475,1.533282512139122,1.860422979323172,0
2018-09-11,1.4650092188671406,0.036481684783726806,-0.20939680341791309,1.6542450374107065,1.4816261694924244,1.5190586832976296,1.5901761997543182,1.6129337833171151,1.3938919737022475,1.533282512139122,0
2018-09-12,1.5105249285763254,-0.10505834712274181,0.1732606079153081,1.6352699787615377,1.4579351745677422,1.4650092188671406,1.5190586832976296,1.5901761997543182,1.6129337833171151,1.3938919737022475,1
2018-09-13,1.5731081477281186,-0.10234295082717407,0.23690528346160122,1.6123593438534045,1.4324410614305778,1.5105249285763254,1.4650092188671406,1.5190586832976296,1.5901761997543182,1.6129337833171151,1
2018-09-14,1.5247482148342266,-0.12746036656117568,-0.18552958208182596,1.5995687545229178,1.4105031064604787,1.5731081477281186,1.5105249285763254,1.4650092188671406,1.5190586832976296,1.5901761997543182,0
2018-09-17,1.5076801628080267,-0.09080251657101115,-0.06794470867305032,1.5815776100451808,1.393623901002893,1.5247482148342266,1.5731081477281186,1.5105249285763254,1.4650092188671406,1.5190586832976296,0
2018-09-18,1.5361267353238295,-0.13424885730009506,0.1062350913389845,1.5581047652765774,1.388064278155291,1.5076801628080267,1.5247482148342266,1.5731081477281186,1.5105249285763254,1.4650092188671406,1
2018-09-19,1.7466350615091883,0.07076356301526956,0.7990218802053959,1.5507958494280367,1.3851091689456596,1.5361267353238295,1.5076801628080267,1.5247482148342266,1.5731081477281186,1.5105249285763254,1
2018-09-20,1.544661032628725,0.1243926398527325,-0.738971141700539,1.5367402544003446,1.3783975551009084,1.7466350615091883,1.5361267353238295,1.5076801628080267,1.5247482148342266,1.5731081477281186,0
2018-09-21,1.496301099734833,2.1042559638585634,-0.18663785304667935,1.4982279272415384,1.3737394985245026,1.544661032628725,1.7466350615091883,1.5361267353238295,1.5076801628080267,1.5247482148342266,0
2018-09-24,1.4479411668409408,-0.1294969137828515,-0.18855307741477806,1.4630889396723086,1.3671781481132692,1.496301099734833,1.544661032628725,1.7466350615091883,1.5361267353238295,1.5076801628080267,0
2018-09-25,1.3199296914772602,-0.12440554572866198,-0.4997142024463929,1.4339938622544122,1.3578620301838216,1.4479411668409408,1.496301099734833,1.544661032628725,1.7466350615091883,1.5361267353238295,0
2018-09-26,1.4052707654836458,-0.14918353692571765,0.33801145286759054,1.4036337925437707,1.3461417498610933,1.3199296914772602,1.4479411668409408,1.496301099734833,1.544661032628725,1.7466350615091883,1
2018-09-27,1.496301099734833,-0.272394643837104,0.3539143147071438,1.3592181009965172,1.33106566261599,1.4052707654836458,1.3199296914772602,1.4479411668409408,1.496301099734833,1.544661032628725,1
2018-09-28,1.4763882819403347,0.04904039265072762,-0.07927231090902541,1.3221113252978043,1.3201467681654766,1.496301099734833,1.4052707654836458,1.3199296914772602,1.4479411668409408,1.496301099734833,0
2018-10-01,1.4394074121196365,-0.1600451221079886,-0.145451900408909,1.2869723377285733,1.3155888824347794,1.4763882819403347,1.496301099734833,1.4052707654836458,1.3199296914772602,1.4479411668409408,0
2018-10-02,1.385357947689147,-0.09080251657101115,-0.21298572760014325,1.252676678354507,1.3029169528063194,1.4394074121196365,1.4763882819403347,1.496301099734833,1.4052707654836458,1.3199296914772602,0
2018-10-03,1.385357947689147,-0.23777334106861525,-0.002776399662175084,1.2110721299408198,1.286839133220948,1.385357947689147,1.4394074121196365,1.4763882819403347,1.496301099734833,1.4052707654836458,1
2018-10-04,1.1094219078754926,-0.03683401519660226,-1.0887475594828562,1.1634236579713375,1.268056629151898,1.385357947689147,1.385357947689147,1.4394074121196365,1.4763882819403347,1.496301099734833,0
2018-10-05,0.8334858680618374,-0.14714698970404183,-1.15916148410355,1.1254735540774605,1.2480720510511625,1.1094219078754926,1.385357947689147,1.385357947689147,1.4394074121196365,1.4763882819403347,0
2018-10-08,0.8790010351874304,-0.28970529522134836,0.20119256114120526,1.082182322464525,1.2210252539807416,0.8334858680618374,1.1094219078754926,1.385357947689147,1.385357947689147,1.4394074121196365,1
2018-10-09,0.9302057338496219,-0.27477061559572574,0.22409462648946996,1.0398749916185615,1.1937280226310942,0.8790010351874304,0.8334858680618374,1.1094219078754926,1.385357947689147,1.385357947689147,1
2018-10-10,0.8505541913798328,-0.20654628366958622,-0.3512530240695128,0.9971459832705557,1.1669316550632634,0.9302057338496219,0.8790010351874304,0.8334858680618374,1.1094219078754926,1.385357947689147,0
2018-10-11,0.6115992926786713,-0.036155166122710324,-1.0690416529356495,0.9542764157552025,1.1386326865967118,0.8505541913798328,0.9302057338496219,0.8790010351874304,0.8334858680618374,1.1094219078754926,0
2018-10-12,0.8221070762804391,-0.2214809632952088,0.9962822602720564,0.9007246062061927,1.1056255689659449,0.6115992926786713,0.8505541913798328,0.9302057338496219,0.8790010351874304,0.8334858680618374,1
2018-10-15,0.8135730502673387,-0.28088025726075316,-0.041129935632113486,0.8553250407008873,1.0781780789594166,0.8221070762804391,0.6115992926786713,0.8505541913798328,0.9302057338496219,0.8790010351874304,0
2018-10-16,0.8135730502673387,-0.3002274558666734,-0.002776399662175084,0.8109093491536339,1.049227988054168,0.8135730502673387,0.8221070762804391,0.6115992926786713,0.8505541913798328,0.9302057338496219,1
2018-10-17,0.6940956009167585,-0.2893658706844024,-0.5408879991505691,0.7725375677577149,1.0211794538668426,0.8135730502673387,0.8135730502673387,0.8221070762804391,0.6115992926786713,0.8505541913798328,0
2018-10-18,0.7822814406914426,-0.2883475970735645,0.4067583284112038,0.7362741336586256,0.9978390640670954,0.6940956009167585,0.8135730502673387,0.8135730502673387,0.8221070762804391,0.6115992926786713,1
2018-10-19,0.7765919091548455,-0.30531882392086285,-0.0286054516323742,0.7137851762525345,0.972294863118758,0.7822814406914426,0.6940956009167585,0.8135730502673387,0.8135730502673387,0.8221070762804391,0
2018-10-22,0.6201333186917712,-0.32941796604402657,-0.7140894836764512,0.7059140505435244,0.9398387066342533,0.7765919091548455,0.7822814406914426,0.6940956009167585,0.8135730502673387,0.8135730502673387,0
2018-10-23,0.591686474884173,-0.2584782378223193,-0.13747769108965452,0.6934045795477326,0.9077832430858555,0.6201333186917712,0.7765919091548455,0.7822814406914426,0.6940956009167585,0.8135730502673387,0
2018-10-24,0.455140702215597,-0.2788437100390774,-0.6542675662943519,0.6794895436873875,0.8767795996888981,0.591686474884173,0.6201333186917712,0.7765919091548455,0.7822814406914426,0.6940956009167585,0
2018-10-25,0.5376370104536842,-0.2476166526400483,0.40575595995717084,0.6613578266378433,0.8456757854462322,0.455140702215597,0.591686474884173,0.6201333186917712,0.7765919091548455,0.7822814406914426,1
2018-10-26,0.412470300858302,-0.3226294753051072,-0.6087374677473419,0.6442099969508096,0.8154735231448528,0.5376370104536842,0.455140702215597,0.591686474884173,0.6201333186917712,0.7765919091548455,0
2018-10-29,0.5575500995399779,-0.28800817253661853,0.7242920101116891,0.6449127793830862,0.7835683182533358,0.412470300858302,0.5376370104536842,0.455140702215597,0.591686474884173,0.6201333186917712,1
2018-10-30,0.5404817762219826,-0.11693820591585069,-0.08496385048114295,0.6633256013628657,0.7516130255506466,0.5575500995399779,0.412470300858302,0.5376370104536842,0.455140702215597,0.591686474884173,0
2018-10-31,0.6087545269103729,-0.25474456791591366,0.3274927793372906,0.6584061377413895,0.7177544390131295,0.5404817762219826,0.5575500995399779,0.412470300858302,0.5376370104536842,0.455140702215597,1
2018-11-01,0.651425199559464,-0.20484916098485637,0.19988974826900638,0.6603739258708716,0.6792878837103792,0.6087545269103729,0.5404817762219826,0.5575500995399779,0.412470300858302,0.5376370104536842,1
2018-11-02,0.6542696940359664,-0.3290785415070806,0.010581847215928019,0.6553139030820484,0.6356123059083254,0.651425199559464,0.6087545269103729,0.5404817762219826,0.5575500995399779,0.412470300858302,1
2018-11-05,0.6741827831222597,-0.3093919183642145,0.09066898122410343,0.6478644414706202,0.5897830095454912,0.6542696940359664,0.651425199559464,0.6087545269103729,0.5404817762219826,0.5575500995399779,1
2018-11-06,0.6258228502283683,-0.3324727868765403,-0.22853032783293198,0.6352144113074814,0.5418500728797754,0.6741827831222597,0.6542696940359664,0.651425199559464,0.6087545269103729,0.5404817762219826,0
2018-11-07,0.6485804337911649,-0.3083736447533766,0.10482260734007472,0.6198938105825833,0.49526947606758076,0.6258228502283683,0.6741827831222597,0.6542696940359664,0.651425199559464,0.6087545269103729,1
2018-11-08,0.48358781731499073,-0.2903841442952403,-0.7781916247422885,0.6139904595985957,0.46236253883579576,0.6485804337911649,0.6258228502283683,0.6741827831222597,0.6542696940359664,0.651425199559464,0
2018-11-09,0.2645457364083275,-0.25304744523118383,-1.0790000295473112,0.5964209658139802,0.4239460665675816,0.48358781731499073,0.6485804337911649,0.6258228502283683,0.6741827831222597,0.6542696940359664,0
2018-11-12,0.836330633830136,0.005933476458589697,2.987003062157779,0.5802570234894584,0.3861807215147006,0.2645457364083275,0.48358781731499073,0.6485804337911649,0.6258228502283683,0.6741827831222597,1
2018-11-13,1.1862286845769827,-0.07586783694538857,1.5641158639077712,0.561422524007637,0.3456105211324329,0.836330633830136,0.2645457364083275,0.48358781731499073,0.6485804337911649,0.6258228502283683,1
2018-11-14,0.7140084187112572,0.024262401453671964,-1.946660555606056,0.5425880245258162,0.30468971084859336,1.1862286845769827,0.836330633830136,0.2645457364083275,0.48358781731499073,0.6485804337911649,0
2018-11-15,0.7339215077975506,-0.1529172068321233,0.08922288439343877,0.5257213131734775,0.2674753173887013,0.7140084187112572,1.1862286845769827,0.836330633830136,0.2645457364083275,0.48358781731499073,1
2018-11-16,0.6798720433670616,-0.2883475970735645,-0.25120561208763686,0.5037945790323151,0.2373732307096667,0.7339215077975506,0.7140084187112572,1.1862286845769827,0.836330633830136,0.2645457364083275,0
2018-11-19,0.6258228502283683,-0.21740786885185717,-0.25471376638879617,0.46865559146308466,0.22024359097285479,0.6798720433670616,0.7339215077975506,0.7140084187112572,1.1862286845769827,0.836330633830136,0
2018-11-20,0.36411036796441,-0.2594965114331572,-1.2401662628693764,0.42395879498559635,0.20261308745422696,0.6258228502283683,0.6798720433670616,0.7339215077975506,0.7140084187112572,1.1862286845769827,0
2018-11-21,0.28161405972632286,-0.3165198336400798,-0.42190278106332885,0.38165145073517237,0.19059228981773682,0.36411036796441,0.6258228502283683,0.6798720433670616,0.7339215077975506,0.7140084187112572,0
2018-11-23,0.3356632528650163,-0.3524988345563524,0.27843169002941387,0.3376574366899603,0.17641776406719317,0.28161405972632286,0.36411036796441,0.6258228502283683,0.6798720433670616,0.7339215077975506,1
2018-11-26,0.18204942817024042,-0.32127177715732336,-0.7895948614462857,0.2988639911964596,0.1611914181652084,0.3356632528650163,0.28161405972632286,0.36411036796441,0.6258228502283683,0.6798720433670616,0
2018-11-27,0.08532956238245645,-0.2235175105168846,-0.5210456943038743,0.2756722647625515,0.1473674975395991,0.18204942817024042,0.3356632528650163,0.28161405972632286,0.36411036796441,0.6258228502283683,0
2018-11-28,0.17636016792543852,-0.28529277624105076,0.49960640057932254,0.22254211931112394,0.12993734048902525,0.08532956238245645,0.18204942817024042,0.3356632528650163,0.28161405972632286,0.36411036796441,1
2018-11-29,0.15929184460744367,-0.2849533517041048,-0.0943928910428453,0.14959358701536354,0.11270752512986792,0.17636016792543852,0.08532956238245645,0.18204942817024042,0.3356632528650163,0.28161405972632286,0
2018-11-30,0.267390502176626,-0.24286470912280478,0.5804535610899657,0.09379288440663687,0.09457615305278788,0.15929184460744367,0.17636016792543852,0.08532956238245645,0.18204942817024042,0.3356632528650163,1
2018-12-03,0.20765177750133565,-0.30769479567948466,-0.3148811290760565,0.025482683993197967,0.07914946068274971,0.267390502176626,0.15929184460744367,0.17636016792543852,0.08532956238245645,0.18204942817024042,0
2018-12-04,-0.05690547053092103,-0.31074961651199834,-1.409573645826889,-0.04437362704768108,0.059515487706949324,0.20765177750133565,0.267390502176626,0.15929184460744367,0.17636016792543852,0.08532956238245645,0
2018-12-06,-0.23043211302019515,-0.3019245785514032,-1.0045325123950124,-0.1275827506839756,0.042285677124428295,-0.05690547053092103,0.20765177750133565,0.267390502176626,0.15929184460744367,0.17636016792543852,0
2018-12-07,-0.23043211302019515,-0.24320413365975074,-0.002776399662175084,-0.20615352903348835,0.027760546248949695,-0.23043211302019515,-0.05690547053092103,0.20765177750133565,0.267390502176626,0.15929184460744367,1
2018-12-10,-0.24181090480159353,-0.26289075680261687,-0.07237458783179829,-0.2792426271988258,0.017392603391424587,-0.23043211302019515,-0.23043211302019515,-0.05690547053092103,0.20765177750133565,0.267390502176626,0
2018-12-11,-0.3015496294768839,-0.27986198364991527,-0.36959880308758214,-0.322955522909343,0.009629169395233356,-0.24181090480159353,-0.23043211302019515,-0.23043211302019515,-0.05690547053092103,0.20765177750133565,0
2018-12-12,-0.20482976368909991,-0.26390903041345476,0.6035986651834127,-0.37032287654413093,0.0029175555504821183,-0.3015496294768839,-0.24181090480159353,-0.23043211302019515,-0.23043211302019515,-0.05690547053092103,1
2018-12-13,-0.23896613903329503,-0.2947966632755379,-0.20975360030373244,-0.4065863106432197,0.00041322231149365,-0.20482976368909991,-0.3015496294768839,-0.24181090480159353,-0.23043211302019515,-0.23043211302019515,0
2018-12-14,-0.2901708376954855,-0.32398717345289113,-0.31688842017336366,-0.45620257074218423,-0.004845878445709673,-0.23896613903329503,-0.20482976368909991,-0.3015496294768839,-0.24181090480159353,-0.23043211302019515,0
2018-12-17,-0.41533754729086714,-0.28020140818686123,-0.7843696014490681,-0.5077866055661716,-0.008301856213793285,-0.2901708376954855,-0.23896613903329503,-0.20482976368909991,-0.3015496294768839,-0.24181090480159353,0
2018-12-18,-0.6486031857472276,-0.2119770762607217,-1.5261455893033418,-0.5569811881630942,-0.009654193678996352,-0.41533754729086714,-0.2901708376954855,-0.23896613903329503,-0.20482976368909991,-0.3015496294768839,0
2018-12-19,-0.7339442597536133,-0.09826985638382245,-0.6121578782999461,-0.5832651492563433,-0.00890289561795405,-0.6486031857472276,-0.41533754729086714,-0.2901708376954855,-0.23896613903329503,-0.20482976368909991,0
2018-12-20,-1.0582399611693647,-0.036155166122710324,-2.400344833712688,-0.5737073403480855,-0.008201680591448436,-0.7339442597536133,-0.6486031857472276,-0.41533754729086714,-0.2901708376954855,-0.23896613903329503,0
2018-12-21,-1.2260773434138375,0.3002145499907439,-1.436344330372796,-0.5706151056887444,-0.007800987655341074,-1.0582399611693647,-0.7339442597536133,-0.6486031857472276,-0.41533754729086714,-0.2901708376954855,0
2018-12-24,-1.1976303639603416,-0.33383048502432416,0.26143894431509906,-0.5495317131472062,-0.0037439704830961357,-1.2260773434138375,-1.0582399611693647,-0.7339442597536133,-0.6486031857472276,-0.41533754729086714,1
2018-12-26,-0.5490385541911452,-0.15766915034936682,5.933396523711127,-0.531399996097662,-0.005497005661042862,-1.1976303639603416,-1.2260773434138375,-1.0582399611693647,-0.7339442597536133,-0.6486031857472276,1
2018-12-27,-0.7766146611109083,-0.25576284152675155,-1.5654976925743742,-0.5172038419026224,-0.005647269094560694,-0.5490385541911452,-1.1976303639603416,-1.2260773434138375,-1.0582399611693647,-0.7339442597536133,0
2018-12-28,-0.6486031857472276,-0.34571034381743304,0.9606744285375699,-0.5156577312751817,-0.003743975259732991,-0.7766146611109083,-0.5490385541911452,-1.1976303639603416,-1.2260773434138375,-1.0582399611693647,1
2018-12-31,-0.8278193597730987,-0.272394643837104,-1.282476923650399,-0.5121438325182583,-0.013911566872567841,-0.6486031857472276,-0.7766146611109083,-0.5490385541911452,-1.1976303639603416,-1.2260773434138375,0
2019-01-02,-0.8847133186800906,-0.3243265979898371,-0.44043373839177186,-0.5059593766040364,-0.026533403913218737,-0.8278193597730987,-0.6486031857472276,-0.7766146611109083,-0.5490385541911452,-1.1976303639603416,0
2019-01-03,-0.7282547282170163,0.541884820296273,1.2310610389237693,-0.49612046276554383,-0.03895489448581623,-0.8847133186800906,-0.8278193597730987,-0.6486031857472276,-0.7766146611109083,-0.5490385541911452,1
2019-01-04,-0.32430721303968113,-0.0829957522212539,2.976643157132405,-0.4730692820945235,-0.05157673630310342,-0.7282547282170163,-0.8847133186800906,-0.8278193597730987,-0.6486031857472276,-0.7766146611109083,1
2019-01-07,0.13653426104464692,0.19601121714833172,2.9097208941121453,-0.4532508818457309,-0.06339718747154015,-0.32430721303968113,-0.7282547282170163,-0.8847133186800906,-0.8278193597730987,-0.6486031857472276,1
2019-01-08,-0.1678486225766063,-0.08537172397987566,-1.6564129714217892,-0.410943537595307,-0.07561833635271997,0.13653426104464692,-0.32430721303968113,-0.7282547282170163,-0.8847133186800906,-0.8278193597730987,0
2019-01-09,0.1962729857199373,-0.23268197301442572,2.177569555044235,-0.360483949301178,-0.0822798623862988,-0.1678486225766063,0.13653426104464692,-0.32430721303968113,-0.7282547282170163,-0.8847133186800906,1
2019-01-10,0.12515546926324855,-0.2520291716203459,-0.3822349683179379,-0.30116934123329847,-0.08869095414065066,0.1962729857199373,-0.1678486225766063,0.13653426104464692,-0.32430721303968113,-0.7282547282170163,0
2019-01-11,-0.014234797881830446,-0.2751100401326717,-0.7626830739349597,-0.2733392695126086,-0.0956029144534553,0.12515546926324855,0.1962729857199373,-0.1678486225766063,0.13653426104464692,-0.32430721303968113,0
2019-01-14,-0.17353815411320328,-0.20281261376318058,-0.9098932755089721,-0.2272369215750266,-0.097506208288283,-0.014234797881830446,0.12515546926324855,0.1962729857199373,-0.1678486225766063,0.13653426104464692,0
2019-01-15,-0.1678486225766063,-0.35181998548246046,0.03135749747249148,-0.18183734266526158,-0.09374970842980059,-0.17353815411320328,-0.014234797881830446,0.12515546926324855,0.1962729857199373,-0.1678486225766063,1
2019-01-16,-0.16500412810010337,-0.3538565327041363,0.014256322054185233,-0.12814496054444457,-0.08884121757416849,-0.1678486225766063,-0.17353815411320328,-0.014234797881830446,0.12515546926324855,0.1962729857199373,1
2019-01-17,-0.21620855547049828,-0.2968332104972137,-0.3090939631514394,-0.06742478090978148,-0.0834318581600842,-0.16500412810010337,-0.1678486225766063,-0.17353815411320328,-0.014234797881830446,0.12515546926324855,0
2019-01-18,-0.18207218012630366,-0.2676427003198604,0.20500459515188182,-0.005158490647678246,-0.08408298537541795,-0.21620855547049828,-0.16500412810010337,-0.1678486225766063,-0.17353815411320328,-0.014234797881830446,1
2019-01-22,-0.3328412390527805,-0.24931377532477816,-0.9099076965592008,0.04516053847910325,-0.08423324403229891,-0.18207218012630366,-0.21620855547049828,-0.16500412810010337,-0.1678486225766063,-0.17353815411320328,0
2019-01-23,-0.2019849979208009,-0.3558930799258121,0.8267377206493233,0.07270950526955834,-0.08363220462813815,-0.3328412390527805,-0.18207218012630366,-0.21620855547049828,-0.16500412810010337,-0.1678486225766063,1
2019-01-24,-0.20482976368909991,-0.3484257401130008,-0.02000824533367182,0.11543851361756402,-0.07987570476965516,-0.2019849979208009,-0.3328412390527805,-0.18207218012630366,-0.21620855547049828,-0.16500412810010337,0
2019-01-25,0.0028332541443698398,-0.2642484549504008,1.2563353154677739,0.14804748979238308,-0.07111053843319581,-0.20482976368909991,-0.2019849979208009,-0.3328412390527805,-0.18207218012630366,-0.21620855547049828,1
2019-01-28,0.01421204592576771,-0.26289075680261687,0.061666368938093005,0.16899032316657384,-0.05929008726475908,0.0028332541443698398,-0.20482976368909991,-0.2019849979208009,-0.3328412390527805,-0.18207218012630366,1
2019-01-29,0.1564470788391452,-0.23064542579274994,0.7998587613615262,0.19316593696299342,-0.044163912208483425,0.01421204592576771,0.0028332541443698398,-0.20482976368909991,-0.2019849979208009,-0.3328412390527805,1
2019-01-30,0.27023526794492453,-0.21265592533461364,0.6116793718018996,0.2201526804885193,-0.03134172869977857,0.1564470788391452,0.01421204592576771,0.0028332541443698398,-0.20482976368909991,-0.2019849979208009,1
2019-01-31,0.25885647616352614,-0.29411781420164596,-0.06217535179733624,0.24123607303005754,-0.02092370280771733,0.27023526794492453,0.1564470788391452,0.01421204592576771,0.0028332541443698398,-0.20482976368909991,0
2019-02-01,0.3441975501699117,-0.25270802069423787,0.44420514589841587,0.2725800569121304,-0.007199957804453459,0.25885647616352614,0.27023526794492453,0.1564470788391452,0.01421204592576771,0.0028332541443698398,1
2019-02-04,0.5319477502088822,-0.10675546980747165,0.9565391373569898,0.28368397644782894,0.005171444956971051,0.3441975501699117,0.25885647616352614,0.27023526794492453,0.1564470788391452,0.01421204592576771,1
2019-02-05,0.6940956009167585,-0.2055280100587483,0.7834331418445706,0.29352289028632167,0.022751865441063314,0.5319477502088822,0.3441975501699117,0.25885647616352614,0.27023526794492453,0.1564470788391452,1
2019-02-06,0.6940956009167585,-0.25678111513758944,-0.002776399662175084,0.3103896016386604,0.03807838696539293,0.6940956009167585,0.5319477502088822,0.3441975501699117,0.25885647616352614,0.27023526794492453,1
2019-02-07,0.696940366685057,-0.22080211422131688,0.010434682506222223,0.31699572165046397,0.05766227213002089,0.6940956009167585,0.6940956009167585,0.5319477502088822,0.3441975501699117,0.25885647616352614,1
2019-02-08,0.8562434516246347,-0.20247318922623458,0.7364789543821497,0.32641297139137493,0.07939988540870238,0.696940366685057,0.6940956009167585,0.6940956009167585,0.5319477502088822,0.3441975501699117,1
2019-02-11,0.5490158022350825,-0.1960241230242612,-1.3717398681819073,0.32219630360663515,0.09993541749074475,0.8562434516246347,0.696940366685057,0.6940956009167585,0.6940956009167585,0.5319477502088822,0
2019-02-12,0.47505352001009526,-0.18312599062031443,-0.3597423636869328,0.3186824048497119,0.11080422413008521,0.5490158022350825,0.8562434516246347,0.696940366685057,0.6940956009167585,0.6940956009167585,0
2019-02-13,0.37264439397750987,-0.16038454664493457,-0.5071309235838499,0.31460628282785985,0.12322571947931957,0.47505352001009526,0.5490158022350825,0.8562434516246347,0.696940366685057,0.6940956009167585,0
2019-02-14,0.25885647616352614,-0.3063370975317008,-0.579479257656095,0.31601183428795304,0.1310392412866832,0.37264439397750987,0.47505352001009526,0.5490158022350825,0.8562434516246347,0.696940366685057,0
2019-02-15,0.4693642597652939,-0.23913103921639914,1.099777037382829,0.32571018895909826,0.14145726717874446,0.25885647616352614,0.37264439397750987,0.47505352001009526,0.5490158022350825,0.8562434516246347,1
2019-02-19,0.008522785680966306,-0.11931417767447246,-2.275945029853571,0.33175408570597315,0.15417927984174076,0.4693642597652939,0.25885647616352614,0.37264439397750987,0.47505352001009526,0.5490158022350825,0
2019-02-20,0.017056811694066195,-0.19772124570899105,0.04546812802977496,0.3168551490786568,0.16344531473665233,0.008522785680966306,0.4693642597652939,0.25885647616352614,0.37264439397750987,0.47505352001009526,1
2019-02-21,0.008522785680966306,-0.2564416906006435,-0.050890772411411586,0.29239841694754276,0.16845398121462926,0.017056811694066195,0.008522785680966306,0.4693642597652939,0.25885647616352614,0.37264439397750987,0
2019-02-22,-0.0682842623123189,-0.208582830891262,-0.43698174988737376,0.2569783110436174,0.16544877941718858,0.008522785680966306,0.017056811694066195,0.008522785680966306,0.4693642597652939,0.25885647616352614,0
2019-02-25,-0.014234797881830446,-0.1909327549700717,0.31040055397448824,0.22169876430704002,0.1630947048350811,-0.0682842623123189,0.008522785680966306,0.017056811694066195,0.008522785680966306,0.4693642597652939,1
2019-02-26,-0.0825075485702207,-0.26662442670902253,-0.39154011296379815,0.19260368688914425,0.1542794506874493,-0.014234797881830446,-0.0682842623123189,0.008522785680966306,0.017056811694066195,0.008522785680966306,0
2019-02-27,-0.05690547053092103,-0.2574599642114814,0.14625752700202627,0.1867003359051566,0.14851948614843008,-0.0825075485702207,-0.014234797881830446,-0.0682842623123189,0.008522785680966306,0.017056811694066195,1
2019-02-28,0.07395077060105858,-0.09012366749711923,0.7526467305427732,0.19077647133146883,0.14586488947592433,-0.05690547053092103,-0.0825075485702207,-0.014234797881830446,-0.0682842623123189,0.008522785680966306,1
2019-03-01,0.2986821117525227,-0.18685966052672007,1.2418610874126872,0.19822593294289717,0.14516367922605503,0.07395077060105858,-0.05690547053092103,-0.0825075485702207,-0.014234797881830446,-0.0682842623123189,1
2019-03-04,0.455140702215597,0.030032618581753417,0.8072159768457736,0.2028642782296789,0.14446246419954883,0.2986821117525227,0.07395077060105858,-0.05690547053092103,-0.0825075485702207,-0.014234797881830446,1
2019-03-05,0.4665194939969954,-0.05889661009809017,0.05357284499318509,0.20384816559218982,0.14496333275800105,0.455140702215597,0.2986821117525227,0.07395077060105858,-0.05690547053092103,-0.0825075485702207,1
2019-03-06,0.2304093610641324,0.012043118123617119,-1.1683415669776718,0.21762264228518752,0.14666628012477537,0.4665194939969954,0.455140702215597,0.2986821117525227,0.07395077060105858,-0.05690547053092103,0
2019-03-07,0.19911775148823577,-0.27986198364991527,-0.16804975230384137,0.23406768953994403,0.142559175141358,0.2304093610641324,0.4665194939969954,0.455140702215597,0.2986821117525227,0.07395077060105858,0
2019-03-08,-0.0227690951867259,-0.14986238599960958,-1.1856814253586272,0.24039270462151338,0.14270943379823897,0.19911775148823577,0.2304093610641324,0.4665194939969954,0.455140702215597,0.2986821117525227,0
2019-03-11,-0.017079563650128932,-0.06093315731976598,0.029709869319410668,0.24643661477284853,0.14100648643146466,-0.0227690951867259,0.19911775148823577,0.2304093610641324,0.4665194939969954,0.455140702215597,1
2019-03-12,0.267390502176626,0.27883080416314787,1.618546575503353,0.24756106130270697,0.13709972791610125,-0.017079563650128932,-0.0227690951867259,0.19911775148823577,0.2304093610641324,0.4665194939969954,1
2019-03-13,0.42953835288450226,-0.1284786401720136,0.8443644013056867,0.25009105929265907,0.13169036850201696,0.267390502176626,-0.017079563650128932,-0.0227690951867259,0.19911775148823577,0.2304093610641324,1
2019-03-14,0.5575500995399779,-0.2340396711622096,0.6356931730187065,0.25627552861134123,0.12608066261987927,0.42953835288450226,0.267390502176626,-0.017079563650128932,-0.0227690951867259,0.19911775148823577,1
2019-03-15,0.5234134529039868,1.1178882594935806,-0.16715130130011477,0.24910718533460735,0.11801671130992553,0.5575500995399779,0.42953835288450226,0.267390502176626,-0.017079563650128932,-0.0227690951867259,0
2019-03-18,0.3527315761830116,-0.10709489434441762,-0.8322897134229305,0.22422878910591157,0.10694755820253053,0.5234134529039868,0.5575500995399779,0.42953835288450226,0.267390502176626,-0.017079563650128932,0
2019-03-19,0.4892770775597921,-0.25915708689621125,0.693205471241538,0.19007368889919213,0.09530240959656155,0.3527315761830116,0.5234134529039868,0.5575500995399779,0.42953835288450226,0.267390502176626,1
2019-03-20,0.2873033199711248,-0.29886975771888946,-0.993584958422064,0.15901082335181427,0.08122805469172645,0.4892770775597921,0.3527315761830116,0.5234134529039868,0.5575500995399779,0.42953835288450226,0
2019-03-21,0.34988681041471315,-0.2686609739306983,0.32229455820391406,0.13764632588004128,0.06359754639646176,0.2873033199711248,0.4892770775597921,0.3527315761830116,0.5234134529039868,0.5575500995399779,1
2019-03-22,0.13653426104464692,-0.21333477440850557,-1.091133973838998,0.12583962391206596,0.041308981524791934,0.34988681041471315,0.2873033199711248,0.4892770775597921,0.3527315761830116,0.5234134529039868,0
2019-03-25,0.054037952806559805,-0.20111549107845073,-0.4509583431232353,0.12527740064713674,0.02127431561288419,0.13653426104464692,0.34988681041471315,0.2873033199711248,0.4892770775597921,0.3527315761830116,0
2019-03-26,0.008522785680966306,-0.21265592533461364,-0.25642312988035715,0.1112218056194446,0.000538434674470268,0.054037952806559805,0.13653426104464692,0.34988681041471315,0.2873033199711248,0.4892770775597921,0
2019-03-27,-0.03130312119982579,-0.28189853087159106,-0.22792008500108207,0.0829700563967128,-0.024354634281897145,0.008522785680966306,0.054037952806559805,0.13653426104464692,0.34988681041471315,0.2873033199711248,0
2019-03-28,0.06826151035625667,-0.3260237206745669,0.5672784283249094,0.05176664508644767,-0.04358791432159016,-0.03130312119982579,0.008522785680966306,0.054037952806559805,0.13653426104464692,0.34988681041471315,1
2019-03-29,-0.07112875678882233,-0.18821735867450395,-0.7761327365321756,0.01606542084782784,-0.060116509877605015,0.06826151035625667,-0.03130312119982579,0.008522785680966306,0.054037952806559805,0.13653426104464692,0
2019-04-01,-0.20482976368909991,-0.18176829247253054,-0.778192146060673,-0.020338559014148765,-0.0757435487156966,-0.07112875678882233,0.06826151035625667,-0.03130312119982579,0.008522785680966306,0.054037952806559805,0
2019-04-02,-0.23612164455679213,-0.1654759146991241,-0.1925067339316972,-0.04802808497195135,-0.09001825008858566,-0.20482976368909991,-0.07112875678882233,0.06826151035625667,-0.03130312119982579,0.008522785680966306,0
2019-04-03,-0.1621593623318049,-0.30260342762529513,0.45049710947475047,-0.07895039135198226,-0.10960213525321362,-0.23612164455679213,-0.20482976368909991,-0.07112875678882233,0.06826151035625667,-0.03130312119982579,1
2019-04-04,-0.2019849979208009,-0.2340396711622096,-0.24079608992777482,-0.09904988312654932,-0.12112206910788784,-0.1621593623318049,-0.23612164455679213,-0.20482976368909991,-0.07112875678882233,0.06826151035625667,0
2019-04-05,-0.03983714721292619,-0.2869898989257806,0.9794157971433952,-0.1368594278530788,-0.13224131002645526,-0.2019849979208009,-0.1621593623318049,-0.23612164455679213,-0.20482976368909991,-0.07112875678882233,1
2019-04-08,-0.03414788696812428,-0.23777334106861525,0.02988680617115014,-0.1596294901894052,-0.14416193681723682,-0.03983714721292619,-0.2019849979208009,-0.1621593623318049,-0.23612164455679213,-0.20482976368909991,1
2019-04-09,-0.3015496294768839,-0.02665127908822322,-1.5351779282322564,-0.17705842480667264,-0.15352814255785693,-0.03414788696812428,-0.03983714721292619,-0.2019849979208009,-0.1621593623318049,-0.23612164455679213,0
2019-04-10,-0.30439439524518236,-0.134927706373987,-0.02061136058951264,-0.19856348144579314,-0.16384599760420962,-0.3015496294768839,-0.03414788696812428,-0.03983714721292619,-0.2019849979208009,-0.1621593623318049,0
2019-04-11,-0.2019849979208009,-0.2805408327238072,0.6399112894371415,-0.21205685320855608,-0.17551619489240167,-0.30439439524518236,-0.3015496294768839,-0.03414788696812428,-0.03983714721292619,-0.2019849979208009,1
2019-04-12,-0.16500412810010337,-0.34672861742827094,0.2212310207902239,-0.2304696885927952,-0.1895905450206005,-0.2019849979208009,-0.30439439524518236,-0.3015496294768839,-0.03414788696812428,-0.03983714721292619,1
2019-04-15,-0.2133637897021998,-0.3273814188223508,-0.2920758699201755,-0.24185472646318826,-0.2062694040101326,-0.16500412810010337,-0.2019849979208009,-0.30439439524518236,-0.3015496294768839,-0.03414788696812428,0
2019-04-16,-0.2076745294573979,-0.3368853058568379,0.03181935161570489,-0.24944474724196353,-0.23121256077767244,-0.2133637897021998,-0.16500412810010337,-0.2019849979208009,-0.30439439524518236,-0.3015496294768839,1
2019-04-17,-0.13655701300070916,-0.3093919183642145,0.42884395025410854,-0.25766725746488234,-0.2587101385953732,-0.2076745294573979,-0.2133637897021998,-0.16500412810010337,-0.2019849979208009,-0.30439439524518236,1
2019-04-18,-0.11948868968271431,-0.31312558827062015,0.09836543918488456,-0.2721445165901562,-0.2841541639213652,-0.13655701300070916,-0.2076745294573979,-0.2133637897021998,-0.16500412810010337,-0.2019849979208009,1
2019-04-22,-0.41533754729086714,-0.1379825272065007,-1.7460032377326626,-0.2853567834226844,-0.30804550292578264,-0.11948868968271431,-0.13655701300070916,-0.2076745294573979,-0.2133637897021998,-0.16500412810010337,0
2019-04-23,-0.32430721303968113,-0.1726038299749894,0.5917081006639919,-0.3116407445159336,-0.3308349363559053,-0.41533754729086714,-0.11948868968271431,-0.13655701300070916,-0.2076745294573979,-0.2133637897021998,1
2019-04-24,-0.2987048637085854,-0.31142846558589027,0.15902929130616067,-0.33188079545784815,-0.3451597207633299,-0.32430721303968113,-0.41533754729086714,-0.11948868968271431,-0.13655701300070916,-0.2076745294573979,1
2019-04-25,-0.426716339072266,-0.33926127761545966,-0.8045291610899221,-0.34073582193382934,-0.3555777466553911,-0.2987048637085854,-0.32430721303968113,-0.41533754729086714,-0.11948868968271431,-0.13655701300070916,0
2019-04-26,-0.30439439524518236,-0.34027955122629755,0.7994041202377501,-0.35324529292962115,-0.3705035704669771,-0.426716339072266,-0.2987048637085854,-0.32430721303968113,-0.41533754729086714,-0.11948868968271431,1
2019-04-29,-0.30439439524518236,-0.1939875758025854,-0.002776399662175084,-0.3701120176864196,-0.3887351133897657,-0.30439439524518236,-0.426716339072266,-0.2987048637085854,-0.32430721303968113,-0.41533754729086714,1
2019-04-30,-0.3015496294768839,-0.251010898009508,0.015076414487930855,-0.3848703817419287,-0.4045124156613751,-0.30439439524518236,-0.30439439524518236,-0.426716339072266,-0.2987048637085854,-0.32430721303968113,1
2019-05-01,-0.35844358838387574,-0.3280602678962427,-0.359467114031494,-0.39976931836924456,-0.4222931778368839,-0.3015496294768839,-0.30439439524518236,-0.30439439524518236,-0.426716339072266,-0.2987048637085854,0
2019-05-02,-0.40253637262532005,-0.3406189757632435,-0.28485301767401305,-0.4167765888889308,-0.4373191772708147,-0.35844358838387574,-0.3015496294768839,-0.30439439524518236,-0.30439439524518236,-0.426716339072266,0
2019-05-03,-0.45516345417165976,-0.26119363411788704,-0.34486033761390195,-0.4417955442849741,-0.45590133009517453,-0.40253637262532005,-0.35844358838387574,-0.3015496294768839,-0.30439439524518236,-0.30439439524518236,0
2019-05-06,-0.4693870117213566,-0.2520291716203459,-0.09703972253914656,-0.4677984004479885,-0.4712278468428679,-0.45516345417165976,-0.40253637262532005,-0.35844358838387574,-0.3015496294768839,-0.30439439524518236,0
2019-05-07,-0.571796137753942,-0.23302139755137172,-0.6850753330052459,-0.47763732769094086,-0.4863039340879711,-0.4693870117213566,-0.45516345417165976,-0.40253637262532005,-0.35844358838387574,-0.3015496294768839,0
2019-05-08,-0.4437846623902614,-0.1990789438567749,0.884024170089717,-0.4946445982106271,-0.4966217891343238,-0.571796137753942,-0.4693870117213566,-0.45516345417165976,-0.40253637262532005,-0.35844358838387574,1
2019-05-09,-0.480765803502755,-0.3056582484578088,-0.24682838866104728,-0.5095435348379429,-0.5066391220902776,-0.4437846623902614,-0.571796137753942,-0.4693870117213566,-0.45516345417165976,-0.40253637262532005,0
2019-05-10,-0.5575725802042446,-0.31957465447259353,-0.51668466547959,-0.5181174563836899,-0.5146029025545229,-0.480765803502755,-0.4437846623902614,-0.571796137753942,-0.4693870117213566,-0.45516345417165976,0
2019-05-13,-0.5433492939463443,-0.229966576718858,0.09521414893965312,-0.5399036313575049,-0.5219656436146073,-0.5575725802042446,-0.480765803502755,-0.4437846623902614,-0.571796137753942,-0.4693870117213566,1
2019-05-14,-0.46369748018476015,-0.3100707674381064,0.5429817662083777,-0.567171479813265,-0.5300796827357335,-0.5433492939463443,-0.5575725802042446,-0.480765803502755,-0.4437846623902614,-0.571796137753942,1
2019-05-15,-0.5149021788469501,0.04802211903988972,-0.3432032108616716,-0.5954232290359968,-0.5260226655634885,-0.46369748018476015,-0.5433492939463443,-0.5575725802042446,-0.480765803502755,-0.4437846623902614,0
2019-05-16,-0.5518833199594437,-0.3205929280834314,-0.25342438836372105,-0.632951668832292,-0.516406025543642,-0.5149021788469501,-0.46369748018476015,-0.5433492939463443,-0.5575725802042446,-0.480765803502755,0
2019-05-17,-0.6429136542106307,-0.3260237206745669,-0.628549590618662,-0.6677392718876142,-0.5096944116988907,-0.5518833199594437,-0.5149021788469501,-0.46369748018476015,-0.5433492939463443,-0.5575725802042446,0
2019-05-20,-0.6457584199789292,-0.3110890410489443,-0.023043400276692463,-0.6936015688832816,-0.5033834907902475,-0.6429136542106307,-0.5518833199594437,-0.5149021788469501,-0.46369748018476015,-0.5433492939463443,0
2019-05-21,-0.6144668104030325,-0.34740746650216286,0.22040843372307467,-0.7260699925929828,-0.4995769078972283,-0.6457584199789292,-0.6429136542106307,-0.5518833199594437,-0.5149021788469501,-0.46369748018476015,1
2019-05-22,-0.6685160035417259,-0.31176789012283623,-0.3835132176014306,-0.7519322895886502,-0.49872543421384175,-0.6144668104030325,-0.6457584199789292,-0.6429136542106307,-0.5518833199594437,-0.5149021788469501,0
2019-05-23,-0.6002432528533357,-0.25576284152675155,0.48864593715591303,-0.7713290123354003,-0.4927150306189598,-0.6685160035417259,-0.6144668104030325,-0.6457584199789292,-0.6429136542106307,-0.5518833199594437,1
2019-05-24,-0.6002432528533357,-0.3283996924331887,-0.002776399662175084,-0.7776540274169702,-0.48595332896303617,-0.6002432528533357,-0.6685160035417259,-0.6144668104030325,-0.6457584199789292,-0.6429136542106307,1
2019-05-28,-0.7453230515350117,-0.303961125773079,-1.019047479720512,-0.7787784739468286,-0.47959232024321985,-0.6002432528533357,-0.6002432528533357,-0.6685160035417259,-0.6144668104030325,-0.6457584199789292,0
2019-05-29,-0.8562662035806969,-0.29717263503415964,-0.8268836299847048,-0.7818706952017095,-0.47633668894318965,-0.7453230515350117,-0.6002432528533357,-0.6002432528533357,-0.6685160035417259,-0.6144668104030325,0
2019-05-30,-0.8733345268986923,-0.27375234198488785,-0.1357056694672866,-0.7756862392874876,-0.47348174580262997,-0.8562662035806969,-0.7453230515350117,-0.6002432528533357,-0.6002432528533357,-0.6685160035417259,0
2019-05-31,-1.1179786858446552,-0.25576284152675155,-1.922389623870279,-0.7742806744229341,-0.4705767196275341,-0.8733345268986923,-0.8562662035806969,-0.7453230515350117,-0.6002432528533357,-0.6002432528533357,0
2019-06-03,-1.1065998940632569,-0.20213376468928862,0.09727709504868548,-0.7717506630285224,-0.4694247238537487,-1.1179786858446552,-0.8733345268986923,-0.8562662035806969,-0.7453230515350117,-0.6002432528533357,1
2019-06-04,-0.9785884186995761,-0.208922255428208,1.1165465068930318,-0.7679556593413648,-0.47062680266207024,-1.1065998940632569,-1.1179786858446552,-0.8733345268986923,-0.8562662035806969,-0.7453230515350117,1
2019-06-05,-1.1265128475036528,-0.1780346225661249,-1.2198324648932433,-0.7648634246820237,-0.472029232715082,-0.9785884186995761,-1.1065998940632569,-1.1179786858446552,-0.8733345268986923,-0.8562662035806969,0
2019-06-06,-1.0952211022818583,-0.27375234198488785,0.2735339112492307,-0.7595222969629652,-0.46942472863038504,-1.1265128475036528,-0.9785884186995761,-1.1065998940632569,-1.1179786858446552,-0.8733345268986923,1
2019-06-07,-0.8363533857861987,-0.25270802069423787,2.24818617651019,-0.7486994957619617,-0.46772178126361125,-1.0952211022818583,-1.1265128475036528,-0.9785884186995761,-1.1065998940632569,-1.1179786858446552,1
2019-06-10,-0.6087772788664356,-0.17973174525085475,1.7543228348466546,-0.7444828145727622,-0.46641952683294435,-0.8363533857861987,-1.0952211022818583,-1.1265128475036528,-0.9785884186995761,-1.1065998940632569,1
2019-06-11,-0.5803301637670418,-0.30056688040361934,0.19716329324924375,-0.7367522346266394,-0.4630136368760326,-0.6087772788664356,-0.8363533857861987,-1.0952211022818583,-1.1265128475036528,-0.9785884186995761,1
2019-06-12,-0.6059325130981371,-0.3178775317878637,-0.1807267749716476,-0.7221344163340175,-0.458405663334163,-0.5803301637670418,-0.6087772788664356,-0.8363533857861987,-1.0952211022818583,-1.1265128475036528,0
2019-06-13,-0.33853077058937747,0.10504544124681232,1.8745440378095701,-0.6992237948303441,-0.44648503654338145,-0.6059325130981371,-0.5803301637670418,-0.6087772788664356,-0.8363533857861987,-1.0952211022818583,1
2019-06-14,-0.48645506374755587,-0.2523685961572919,-0.9423872082875222,-0.6482019832712865,-0.4377699580180945,-0.33853077058937747,-0.6059325130981371,-0.5803301637670418,-0.6087772788664356,-0.8363533857861987,0
2019-06-17,-0.5006786212972533,-0.23573679384693946,-0.09814869930178984,-0.57609677917069,-0.425548813913551,-0.48645506374755587,-0.33853077058937747,-0.6059325130981371,-0.5803301637670418,-0.6087772788664356,0
2019-06-18,-0.56610687750914,-0.2768071628174016,-0.44384692518752605,-0.5142521664106282,-0.4152059197382484,-0.5006786212972533,-0.48645506374755587,-0.33853077058937747,-0.6059325130981371,-0.5803301637670418,0
2019-06-19,-0.5831749295353403,-0.31855638086175564,-0.12075475412024315,-0.4562025573377245,-0.40979656032416406,-0.56610687750914,-0.5006786212972533,-0.48645506374755587,-0.33853077058937747,-0.6059325130981371,0
2019-06-20,-0.5063681528338502,-0.3226294753051072,0.5316653616666897,-0.3998396247618385,-0.40303485866824096,-0.5831749295353403,-0.56610687750914,-0.5006786212972533,-0.48645506374755587,-0.33853077058937747,1
2019-06-21,-0.44947419392685833,-0.21672901977796524,0.3815886053302522,-0.3453039144458575,-0.3969743720388229,-0.5063681528338502,-0.5831749295353403,-0.56610687750914,-0.5006786212972533,-0.48645506374755587,1
2019-06-24,-0.5149021788469501,-0.3219506262312153,-0.43547040401133547,-0.2888004160003939,-0.38981197744679247,-0.44947419392685833,-0.5063681528338502,-0.5831749295353403,-0.56610687750914,-0.5006786212972533,0
2019-06-25,-0.4437846623902614,-0.208582830891262,0.47923853890054896,-0.2546453157936745,-0.3840019250966008,-0.5149021788469501,-0.44947419392685833,-0.5063681528338502,-0.5831749295353403,-0.56610687750914,1
2019-06-26,-0.44947419392685833,-0.12678151748728375,-0.04032368582499193,-0.22316078614871437,-0.3803456008604632,-0.4437846623902614,-0.5149021788469501,-0.44947419392685833,-0.5063681528338502,-0.5831749295353403,0
2019-06-27,-0.3925799637280714,0.007970023680265505,0.3734814404522998,-0.1940657087308186,-0.37954421021161217,-0.44947419392685833,-0.4437846623902614,-0.5149021788469501,-0.44947419392685833,-0.5063681528338502,1
2019-06-28,0.15929184460744367,1.4691926552326575,3.571502909797827,-0.1774801023087146,-0.37653901319080835,-0.3925799637280714,-0.44947419392685833,-0.4437846623902614,-0.5149021788469501,-0.44947419392685833,1
2019-07-01,0.34135278440161326,0.18379193381827688,0.9795058706120399,-0.15583448650224715,-0.3776910041879575,0.15929184460744367,-0.3925799637280714,-0.44947419392685833,-0.4437846623902614,-0.5149021788469501,1
2019-07-02,0.14506828705774732,-0.15122008414739344,-1.0065162590787542,-0.13812443355028473,-0.3794941224004398,0.34135278440161326,0.15929184460744367,-0.3925799637280714,-0.44947419392685833,-0.4437846623902614,0
2019-07-03,0.1962729857199373,-0.27544946466961767,0.27468470821817714,-0.12027382143097481,-0.3775407455310759,0.14506828705774732,0.34135278440161326,0.15929184460744367,-0.3925799637280714,-0.44947419392685833,1
2019-07-05,0.01421204592576771,-0.23132427486664187,-0.9741908565279687,-0.10129877618626618,-0.37643883756846297,0.1962729857199373,0.14506828705774732,0.34135278440161326,0.15929184460744367,-0.3925799637280714,0
2019-07-08,0.008522785680966306,-0.1729432545119354,-0.0348810100324823,-0.0894920742182914,-0.37613831547806414,0.01421204592576771,0.1962729857199373,0.14506828705774732,0.34135278440161326,0.15929184460744367,0
2019-07-09,0.3072164090574181,-0.2883475970735645,1.6857974062149133,-0.07852870044548008,-0.37268233770998055,0.008522785680966306,0.01421204592576771,0.1962729857199373,0.14506828705774732,0.34135278440161326,1
2019-07-10,0.08248506790595403,-0.010358901314816763,-1.1633444042259986,-0.06419198708309345,-0.3716806053697124,0.3072164090574181,0.008522785680966306,0.01421204592576771,0.1962729857199373,0.14506828705774732,0
2019-07-11,0.05688271857485829,-0.31176789012283623,-0.14419599550388448,-0.053790849979671575,-0.37318320626843277,0.08248506790595403,0.3072164090574181,0.008522785680966306,0.01421204592576771,0.1962729857199373,0
2019-07-12,-0.017079563650128932,-0.2574599642114814,-0.41458702992173263,-0.03369134480064428,-0.3665216754582176,0.05688271857485829,0.08248506790595403,0.3072164090574181,0.008522785680966306,0.01421204592576771,0
2019-07-15,-0.0028560061004320706,-0.18414426423115232,0.07829005833891704,0.004118199925885212,-0.3598601494246394,-0.017079563650128932,0.05688271857485829,0.08248506790595403,0.3072164090574181,0.008522785680966306,1
2019-07-16,-0.04837117322602557,-0.29717263503415964,-0.26101401646757183,0.005804869720672854,-0.35084454880895366,-0.0028560061004320706,-0.017079563650128932,0.05688271857485829,0.08248506790595403,0.3072164090574181,0
2019-07-17,-0.14224627324551106,-0.29276011605386204,-0.5432172493992593,0.005523751385978395,-0.3372209746513978,-0.04837117322602557,-0.0028560061004320706,-0.017079563650128932,0.05688271857485829,0.08248506790595403,0
2019-07-18,-0.20482976368909991,-0.1315334610045273,-0.3743300176858353,0.00749153951546102,-0.3234972296481339,-0.14224627324551106,-0.04837117322602557,-0.0028560061004320706,-0.017079563650128932,0.05688271857485829,0
2019-07-19,-0.1991405034442985,-0.31074961651199834,0.031718977990466767,-0.00951573100422522,-0.3148823219685549,-0.20482976368909991,-0.14224627324551106,-0.04837117322602557,-0.0028560061004320706,-0.017079563650128932,1
2019-07-22,-0.26741325413268874,-0.3497834382607847,-0.4159316809630851,-0.01443518122124118,-0.30261108766452083,-0.1991405034442985,-0.20482976368909991,-0.14224627324551106,-0.04837117322602557,-0.0028560061004320706,0
2019-07-23,-0.22758734725189667,-0.3209323526203774,0.24394726960639773,-0.026101324021868988,-0.28608248733186914,-0.26741325413268874,-0.1991405034442985,-0.20482976368909991,-0.14224627324551106,-0.04837117322602557,1
2019-07-24,-0.22474258148359819,-0.3548748063149742,0.014606602803198745,-0.043108594541555224,-0.2765660181577312,-0.22758734725189667,-0.26741325413268874,-0.1991405034442985,-0.20482976368909991,-0.14224627324551106,1
2019-07-25,-0.23327687878849362,-0.34197667391102743,-0.05487462789698127,-0.05463419157929525,-0.2686523255046584,-0.22474258148359819,-0.22758734725189667,-0.26741325413268874,-0.1991405034442985,-0.20482976368909991,0
2019-07-26,-0.04268191298122417,-0.2944572387385919,1.1641329709162143,-0.07473369675832255,-0.25467814622216817,-0.23327687878849362,-0.22474258148359819,-0.22758734725189667,-0.26741325413268874,-0.1991405034442985,1
2019-07-29,0.37264439397750987,-0.05482351565473856,2.383882447786757,-0.09848764645715988,-0.234443133842207,-0.04268191298122417,-0.23327687878849362,-0.22474258148359819,-0.22758734725189667,-0.26741325413268874,1
2019-07-30,0.1934282199516388,-0.20111549107845073,-0.911084432228652,-0.11282435981954649,-0.2137573407149655,0.37264439397750987,-0.04268191298122417,-0.23327687878849362,-0.22474258148359819,-0.22758734725189667,0
2019-07-31,0.3356632528650163,-0.1919510285809096,0.756787189542315,-0.13910832091279618,-0.1898159162876938,0.1934282199516388,0.37264439397750987,-0.04268191298122417,-0.23327687878849362,-0.22474258148359819,1
2019-08-01,0.1848941939385389,-0.3009063049405653,-0.7750238146645504,-0.1644083946435339,-0.16221816284764823,0.3356632528650163,0.1934282199516388,0.37264439397750987,-0.04268191298122417,-0.23327687878849362,0
2019-08-02,-0.14793580478210802,-0.303961125773079,-1.7847087637162673,-0.1805723369680562,-0.1335185014449891,0.1848941939385389,0.3356632528650163,0.1934282199516388,0.37264439397750987,-0.04268191298122417,0
2019-08-05,-0.08535231433851918,-0.3188958053987016,0.36948226982933247,-0.1995473822127643,-0.10617118228416991,-0.14793580478210802,0.1848941939385389,0.3356632528650163,0.1934282199516388,0.37264439397750987,1
2019-08-06,-0.22758734725189667,-0.282916804482429,-0.8315195384843099,-0.21585187030017383,-0.08253027517066017,-0.08535231433851918,-0.14793580478210802,0.1848941939385389,0.3356632528650163,0.1934282199516388,0
2019-08-07,-0.0369923814446277,-0.2686609739306983,1.1618582417680983,-0.22793969060284358,-0.06119335482808548,-0.22758734725189667,-0.08535231433851918,-0.14793580478210802,0.1848941939385389,0.3356632528650163,1
2019-08-08,-0.15078057055040653,-0.2584782378223193,-0.6554599400608964,-0.2436819688297836,-0.04130894757305871,-0.0369923814446277,-0.22758734725189667,-0.08535231433851918,-0.14793580478210802,0.1848941939385389,0
2019-08-09,-0.34990956237077536,-0.26323018133956283,-1.1883589090342797,-0.2660303670685278,-0.027535114758622418,-0.15078057055040653,-0.0369923814446277,-0.22758734725189667,-0.08535231433851918,-0.14793580478210802,0
2019-08-12,-0.49783385552895476,-0.2954755123494298,-0.9462106464150378,-0.2820537368212423,-0.008852786311917177,-0.34990956237077536,-0.15078057055040653,-0.0369923814446277,-0.22758734725189667,-0.08535231433851918,0
2019-08-13,-0.29301560346378397,-0.3317939378026484,1.3764787172590918,-0.3240799627369718,0.00687442337188295,-0.49783385552895476,-0.34990956237077536,-0.15078057055040653,-0.0369923814446277,-0.22758734725189667,1
2019-08-14,-0.5803301637670418,-0.29615436142332174,-1.7986772777575484,-0.3514883703600794,0.01138222606804453,-0.29301560346378397,-0.49783385552895476,-0.34990956237077536,-0.15078057055040653,-0.0369923814446277,0
2019-08-15,-0.6542924459920291,-0.3127861637336742,-0.5168548426391316,-0.3850812338974094,0.02390389226298687,-0.5803301637670418,-0.29301560346378397,-0.49783385552895476,-0.34990956237077536,-0.15078057055040653,0
2019-08-16,-0.5319705021649455,-0.3073553711425387,0.8726626307578657,-0.4103813076281477,0.038228681447048364,-0.6542924459920291,-0.5803301637670418,-0.29301560346378397,-0.49783385552895476,-0.34990956237077536,1
2019-08-19,-0.5831749295353403,-0.314483286418404,-0.35209175023072525,-0.42724801898048587,0.05610961924490202,-0.5319705021649455,-0.6542924459920291,-0.5803301637670418,-0.29301560346378397,-0.49783385552895476,0
2019-08-20,-0.5973984870850372,-0.33315163595043223,-0.10174765552891224,-0.4442552895001721,0.07454151341238087,-0.5831749295353403,-0.5319705021649455,-0.6542924459920291,-0.5803301637670418,-0.29301560346378397,0
2019-08-21,-0.4722317774896556,-0.31855638086175564,0.873026689926635,-0.4407413907432488,0.09152088971567551,-0.5973984870850372,-0.5831749295353403,-0.5319705021649455,-0.6542924459920291,-0.5803301637670418,1
2019-08-22,-0.5433492939463443,-0.3494440137238387,-0.47709962973080855,-0.4535319800737356,0.10173856913968335,-0.4722317774896556,-0.5973984870850372,-0.5831749295353403,-0.5319705021649455,-0.6542924459920291,0
2019-08-23,-0.6855843268597213,-0.325344871600675,-0.9773421630695754,-0.4539536441713173,0.11526196767489383,-0.5433492939463443,-0.4722317774896556,-0.5973984870850372,-0.5831749295353403,-0.5319705021649455,0
2019-08-26,-0.3669776143969757,-0.2561022660636975,2.3064391959779926,-0.4261235590461678,0.1296869277046633,-0.6855843268597213,-0.5433492939463443,-0.4722317774896556,-0.5973984870850372,-0.5831749295353403,1
2019-08-27,-0.4779210377344565,-0.3138044373445121,-0.7146987497722771,-0.37468008338952785,0.15012228655267842,-0.3669776143969757,-0.6855843268597213,-0.5433492939463443,-0.4722317774896556,-0.5973984870850372,0
2019-08-28,-0.36128835415217425,-0.3450314947435411,0.776771980662723,-0.3188793673763409,0.17120877261602727,-0.4779210377344565,-0.3669776143969757,-0.6855843268597213,-0.5433492939463443,-0.4722317774896556,1
2019-08-29,-0.3442200308341784,-0.31584098456618787,0.10652703766724692,-0.2470552816104395,0.18989109628609566,-0.36128835415217425,-0.4779210377344565,-0.3669776143969757,-0.6855843268597213,-0.5433492939463443,1
2019-08-30,-0.32715197880797914,-0.3524988345563524,0.10585949856007608,-0.16201892901200932,0.21403286718142076,-0.3442200308341784,-0.36128835415217425,-0.4779210377344565,-0.3669776143969757,-0.6855843268597213,1
2019-09-03,-0.4892998295158549,-0.3304362396548645,-1.0285775871636018,-0.08316703232780158,0.23536978752399546,-0.32715197880797914,-0.3442200308341784,-0.36128835415217425,-0.4779210377344565,-0.3669776143969757,0
2019-09-04,-0.4295611048405645,-0.3575902026105419,0.39821468082820866,-0.006423482940423937,0.25820930876529047,-0.4892998295158549,-0.32715197880797914,-0.3442200308341784,-0.36128835415217425,-0.4779210377344565,1
2019-09-05,-0.15646983079520793,-0.2564416906006435,1.7900163706136474,0.06441671546296657,0.28089856657306767,-0.4295611048405645,-0.4892998295158549,-0.32715197880797914,-0.3442200308341784,-0.36128835415217425,1
2019-09-06,-0.2958600979402869,0.015776788030022765,-0.8342632278091596,0.12541800002786388,0.3049902496572204,-0.15646983079520793,-0.4295611048405645,-0.4892998295158549,-0.32715197880797914,-0.3442200308341784,0
2019-09-09,-0.1593145965635064,-0.14443159340847408,0.8515725777603522,0.1826242809056042,0.32352231467040776,-0.2958600979402869,-0.15646983079520793,-0.4295611048405645,-0.4892998295158549,-0.32715197880797914,1
2019-09-10,0.21334130903793264,-0.19330872672869345,2.2222970818436774,0.23322442836708016,0.34345680973660697,-0.1593145965635064,-0.2958600979402869,-0.15646983079520793,-0.4295611048405645,-0.4892998295158549,1
2019-09-11,0.5433265419902811,0.03274801487732116,1.748965997180756,0.281575669364379,0.35708038389416286,0.21334130903793264,-0.1593145965635064,-0.2958600979402869,-0.15646983079520793,-0.4295611048405645,1
2019-09-12,0.836330633830136,-0.13221231007841924,1.413536951771103,0.32992691036167787,0.36860031774883706,0.5433265419902811,0.21334130903793264,-0.1593145965635064,-0.2958600979402869,-0.15646983079520793,1
2019-09-13,0.8733117749426296,-0.1094708661030394,0.16283030715848815,0.36829869175759683,0.3835762293715954,0.836330633830136,0.5433265419902811,0.21334130903793264,-0.1593145965635064,-0.2958600979402869,1
2019-09-16,1.0667515065181974,0.17666401854241154,0.8555039399478288,0.4373116611988517,0.39143983899013207,0.8733117749426296,0.836330633830136,0.5433265419902811,0.21334130903793264,-0.1593145965635064,1
2019-09-17,1.063906740749899,-0.1254238193394999,-0.01481891176346733,0.5008429571581613,0.40005474666971047,1.0667515065181974,0.8733117749426296,0.836330633830136,0.5433265419902811,0.21334130903793264,0
2019-09-18,0.9700316407304135,-0.1434133197976362,-0.40043862691450227,0.5848954089896198,0.4149805752579327,1.063906740749899,1.0667515065181974,0.8733117749426296,0.836330633830136,0.5433265419902811,0
2019-09-19,0.836330633830136,-0.1040400735119039,-0.5820607389337402,0.6585467237176564,0.43296168867813234,0.9700316407304135,1.063906740749899,1.0667515065181974,0.8733117749426296,0.836330633830136,0
2019-09-20,0.7623683516051487,0.7143124850648247,-0.3339898133035035,0.7143474263263836,0.4561017272331893,0.836330633830136,0.9700316407304135,1.063906740749899,1.0667515065181974,0.8733117749426296,0
2019-09-23,0.6144440584469698,-0.13934022535428456,-0.6777370057821549,0.7728186994968695,0.47613639314509704,0.7623683516051487,0.836330633830136,0.9700316407304135,1.063906740749899,1.0667515065181974,0
2019-09-24,0.33850801863331476,-0.25678111513758944,-1.3113634312752702,0.8227160645260688,0.49461837512374834,0.6144440584469698,0.7623683516051487,0.836330633830136,0.9700316407304135,1.063906740749899,0
2019-09-25,0.6115992926786713,-0.2235175105168846,1.3948702369159636,0.8554655998682349,0.5207636154762466,0.33850801863331476,0.6144440584469698,0.7623683516051487,0.836330633830136,0.9700316407304135,1
2019-09-26,0.500655869341191,-0.30328227669918706,-0.5293079414019377,0.8851229005510599,0.5502145701633105,0.6115992926786713,0.33850801863331476,0.6144440584469698,0.7623683516051487,0.836330633830136,0
2019-09-27,0.41531506662660045,-0.1580085748863128,-0.42012057584982726,0.9028329535030223,0.5777622357921837,0.500655869341191,0.6115992926786713,0.33850801863331476,0.6144440584469698,0.7623683516051487,0
2019-09-30,1.0525279489685007,0.06125967598078246,3.18806965188895,0.9097201918495214,0.6063116337613256,0.41531506662660045,0.500655869341191,0.6115992926786713,0.33850801863331476,0.6144440584469698,1
2019-10-01,0.9586528489490146,-0.1630999429405023,-0.4015163012826484,0.9177318767258784,0.6373152771582823,1.0525279489685007,0.41531506662660045,0.500655869341191,0.6115992926786713,0.33850801863331476,0
2019-10-02,1.2118310339080784,-0.24422240727058864,1.097205631234264,0.9149207604012318,0.66611510940665,0.9586528489490146,1.0525279489685007,0.41531506662660045,0.500655869341191,0.6115992926786713,1
2019-10-03,1.0610619749816006,-0.011037750388708698,-0.6197678077017653,0.9212457754828017,0.6947145951869637,1.2118310339080784,0.9586528489490146,1.0525279489685007,0.41531506662660045,0.500655869341191,0
2019-10-04,0.9728761352069164,-0.10268237536412003,-0.37659106113955776,0.9303819068890177,0.7221120021589559,1.0610619749816006,1.2118310339080784,0.9586528489490146,1.0525279489685007,0.41531506662660045,0
2019-10-07,0.8875353324923259,-0.09657273369909261,-0.37227587345401264,0.9490758472034916,0.747105251514305,0.9728761352069164,1.0610619749816006,1.2118310339080784,0.9586528489490146,1.0525279489685007,0
2019-10-08,0.8505541913798328,-0.22283866144299266,-0.16628090217216449,0.9596175434742604,0.7733005796779756,0.8875353324923259,0.9728761352069164,1.0610619749816006,1.2118310339080784,0.9586528489490146,0
2019-10-09,0.8761565407109281,-0.18719908506366603,0.11146647898270295,0.987307069432063,0.8040537935723429,0.8505541913798328,0.8875353324923259,0.9728761352069164,1.0610619749816006,1.2118310339080784,1
2019-10-10,1.1435582832196882,-0.1834654151572604,1.182829800655356,0.9932104204160507,0.8298985118344423,0.8761565407109281,0.8505541913798328,0.8875353324923259,0.9728761352069164,1.0610619749816006,1
2019-10-11,1.1947629818818781,-0.031403222605466775,0.2101032389149257,1.0192132765790651,0.8640576204623581,1.1435582832196882,0.8761565407109281,0.8505541913798328,0.8875353324923259,0.9728761352069164,1
2019-10-14,1.0127020420877086,-0.27069752115237417,-0.7507527887168851,1.0502761287219833,0.9023238340736913,1.1947629818818781,1.1435582832196882,0.8761565407109281,0.8505541913798328,0.8875353324923259,0
2019-10-15,1.2288993572260734,-0.16343936747744828,0.9243278589211126,1.0369233161265679,0.9316746179150467,1.0127020420877086,1.1947629818818781,1.1435582832196882,0.8761565407109281,0.8505541913798328,1
2019-10-16,1.0070127818429075,-0.09216021471879503,-0.9072592514873382,1.0228677210988757,0.9575193361771461,1.2288993572260734,1.0127020420877086,1.1947629818818781,1.1435582832196882,0.8761565407109281,0
2019-10-17,1.0980431160940936,-0.2703580966154282,0.38811752367993546,0.9975676607725976,0.9809098090114295,1.0070127818429075,1.2288993572260734,1.0127020420877086,1.1947629818818781,1.1435582832196882,1
2019-10-18,1.021236068100808,-0.13187288554147328,-0.32552019159438395,0.9913832048583752,1.004150018412195,1.0980431160940936,1.0070127818429075,1.2288993572260734,1.0127020420877086,1.1947629818818781,0
2019-10-21,1.1407135174513896,-0.21503189709323542,0.5085214638858012,0.9970054509121281,1.0215300876515965,1.021236068100808,1.0980431160940936,1.0070127818429075,1.2288993572260734,1.0127020420877086,1
2019-10-22,0.827796607817036,0.059562553296052624,-1.3045679186910568,1.0075471471828974,1.0395111962951593,1.1407135174513896,1.021236068100808,1.0980431160940936,1.0070127818429075,1.2288993572260734,0
2019-10-23,0.8989141242737247,-0.1009852526793902,0.316381660214762,1.0099365994099618,1.0562401430958643,0.827796607817036,1.1407135174513896,1.021236068100808,1.0980431160940936,1.0070127818429075,1
2019-10-24,0.7310767420292521,-0.17158555636415151,-0.7427474708694521,1.022727188740448,1.0628014935070973,0.8989141242737247,0.827796607817036,1.1407135174513896,1.021236068100808,1.0980431160940936,0
2019-10-25,1.026925599637405,-0.1529172068321233,1.3580404748665347,1.0242732993678887,1.0633524451000855,0.7310767420292521,0.8989141242737247,0.827796607817036,1.1407135174513896,1.021236068100808,1
2019-10-28,1.0439936516636052,-0.1834654151572604,0.07016590663404197,1.0280683030550464,1.0612488047972044,1.026925599637405,0.7310767420292521,0.8989141242737247,0.827796607817036,1.1407135174513896,1
2019-10-29,0.7822814406914426,-0.07077646889119905,-1.1166781899467946,1.0294738679195996,1.0637030502250204,1.0439936516636052,1.026925599637405,0.7310767420292521,0.8989141242737247,0.827796607817036,0
2019-10-30,0.6741827831222597,-0.2255540577385604,-0.4935173027231062,1.0234299577682646,1.063502703756967,0.7822814406914426,1.0439936516636052,1.026925599637405,0.7310767420292521,0.8989141242737247,0
2019-10-31,0.6997851324533554,-0.17158555636415151,0.11674053483350633,1.0282088488179335,1.0644543482860622,0.6741827831222597,0.7822814406914426,1.0439936516636052,1.026925599637405,0.7310767420292521,1
2019-11-01,0.9358952653862189,-0.17090670729025959,1.0920961522165284,1.025397732493287,1.0694129269528667,0.6997851324533554,0.6741827831222597,0.7822814406914426,1.0439936516636052,1.026925599637405,1
2019-11-04,1.0866643243126957,-0.2849533517041048,0.6559210171742352,1.022305511238406,1.0743715056196712,0.9358952653862189,0.6997851324533554,0.6741827831222597,0.7822814406914426,1.0439936516636052,1
2019-11-05,1.1008878818623922,-0.2520291716203459,0.05715176103364304,1.0127477157346085,1.0828361546423686,1.0866643243126957,0.9358952653862189,0.6997851324533554,0.6741827831222597,0.7822814406914426,1
2019-11-06,0.8989141242737247,-0.2109588026498838,-0.8509031818155042,1.0185105075512486,1.0948569522788587,1.1008878818623922,1.0866643243126957,0.9358952653862189,0.6997851324533554,0.6741827831222597,0
2019-11-07,1.1350242572065878,-0.18855678321144992,1.0381994881453016,1.0265221924276056,1.1135893637600995,0.8989141242737247,1.1008878818623922,1.0866643243126957,0.9358952653862189,0.6997851324533554,1
2019-11-08,1.1748498927955844,-0.2571205396745354,0.1631256910198518,1.0447944686444977,1.1288657974732568,1.1350242572065878,0.8989141242737247,1.1008878818623922,1.0866643243126957,0.9358952653862189,1
2019-11-11,1.2715697585833683,-0.22419635959077655,0.3964172024421153,1.066299538688078,1.1447933584017471,1.1748498927955844,1.1350242572065878,0.8989141242737247,1.1008878818623922,1.0866643243126957,1
2019-11-12,1.0411491571871023,-0.17192498090109748,-0.932974624545359,1.1042496559864146,1.1616224760481608,1.2715697585833683,1.1748498927955844,1.1350242572065878,0.8989141242737247,1.1008878818623922,0
2019-11-13,1.106577142107194,-0.11048913971387729,0.2758879270190105,1.130955281177246,1.1644273266009113,1.0411491571871023,1.2715697585833683,1.1748498927955844,1.1350242572065878,0.8989141242737247,1
2019-11-14,1.1037323763388955,-0.19941836839372087,-0.014706139565105325,1.1540064484438066,1.1717399798498234,1.106577142107194,1.0411491571871023,1.2715697585833683,1.1748498927955844,1.1350242572065878,0
2019-11-15,1.0411491571871023,-0.2309848503296959,-0.26539952309498044,1.1608936867903057,1.1714394625360607,1.1037323763388955,1.106577142107194,1.0411491571871023,1.2715697585833683,1.1748498927955844,0
2019-11-18,0.9586528489490146,-0.10064582814244423,-0.35413642117172817,1.1586447803261286,1.1730422342804896,1.0411491571871023,1.1037323763388955,1.106577142107194,1.0411491571871023,1.2715697585833683,0
2019-11-19,0.9472740571676168,-0.1939875758025854,-0.052213781065606805,1.1459947367585297,1.1746950986127278,0.9586528489490146,1.0411491571871023,1.1037323763388955,1.106577142107194,1.0411491571871023,0
2019-11-20,0.9444292913993183,-0.22215981236910073,-0.01517039584134333,1.1274413422069431,1.178251252003157,0.9472740571676168,0.9586528489490146,1.0411491571871023,1.1037323763388955,1.106577142107194,0
2019-11-21,1.0610619749816006,-0.23132427486664187,0.5057189993967308,1.1221002144878847,1.1807555852421454,0.9444292913993183,0.9472740571676168,0.9586528489490146,1.0411491571871023,1.1037323763388955,1
2019-11-22,1.1008878818623922,-0.11184683786166116,0.16604331035828385,1.0949729117950118,1.1827590499226817,1.0610619749816006,0.9444292913993183,0.9472740571676168,0.9586528489490146,1.0411491571871023,1
2019-11-25,1.4621649956824332,0.097917525970947,1.5142959154147897,1.0653156111121869,1.1832098306699614,1.1008878818623922,1.0610619749816006,0.9444292913993183,0.9472740571676168,0.9586528489490146,1
2019-11-26,1.81206304642928,0.4013630620006423,1.3513279618736054,1.0379072034890786,1.1835604357948963,1.4621649956824332,1.1008878818623922,1.0610619749816006,0.9444292913993183,0.9472740571676168,1
2019-11-27,1.3227744572455586,0.3762456462666407,-1.762698081554642,1.0365016386245258,1.1887193609297542,1.81206304642928,1.4621649956824332,1.1008878818623922,1.0610619749816006,0.9444292913993183,0
2019-11-29,1.1407135174513896,-0.1695490091424757,-0.729327630754303,1.0339716406345736,1.189320400333915,1.3227744572455586,1.81206304642928,1.4621649956824332,1.1008878818623922,1.0610619749816006,0
2019-12-02,0.8391753995984345,0.11964069633548895,-1.2572300657922522,1.0346744230668503,1.1957314920882673,1.1407135174513896,1.3227744572455586,1.81206304642928,1.4621649956824332,1.1008878818623922,0
2019-12-03,0.8903798269688293,-0.058217761024198234,0.2263604934642478,1.0450755601702724,1.2006900707550718,0.8391753995984345,1.1407135174513896,1.3227744572455586,1.81206304642928,1.4621649956824332,1
2019-12-04,0.8306411022935389,-0.056520638339468396,-0.26671275369449937,1.0529466858792824,1.2037954481748574,0.8903798269688293,0.8391753995984345,1.1407135174513896,1.3227744572455586,1.81206304642928,0
2019-12-05,0.7253872104926551,-0.08944481842322728,-0.4747923284170291,1.0675645041719037,1.2069008208180068,0.8306411022935389,0.8903798269688293,0.8391753995984345,1.1407135174513896,1.3227744572455586,0
2019-12-06,0.7908154667045424,-0.1780346225661249,0.298616405259818,1.0849934387891718,1.2213758686589498,0.7253872104926551,0.8306411022935389,0.8903798269688293,0.8391753995984345,1.1407135174513896,1
2019-12-09,0.5859969433475761,-0.045319628620251455,-0.9305858349279168,1.1018601501415104,1.2267351402618611,0.7908154667045424,0.7253872104926551,0.8306411022935389,0.8903798269688293,0.8391753995984345,0
2019-12-10,0.5746181515661782,-0.17430095265971926,-0.05714998464397054,1.1205540904559843,1.2312429381813859,0.5859969433475761,0.7908154667045424,0.7253872104926551,0.8306411022935389,0.8903798269688293,0
2019-12-11,0.7168531844795557,-0.22589348227550637,0.6789725617616593,1.117742960726878,1.2310926795245047,0.5746181515661782,0.5859969433475761,0.7908154667045424,0.7253872104926551,0.8306411022935389,1
2019-12-12,1.0127020420877086,-0.08706884666460551,1.3630508654161606,1.095956785753063,1.231593548082957,0.7168531844795557,0.5746181515661782,0.5859969433475761,0.7908154667045424,0.7253872104926551,1
2019-12-13,1.055372714736799,-0.11082856425082326,0.18020534691625473,1.0904750988666572,1.235500306598321,1.0127020420877086,0.7168531844795557,0.5746181515661782,0.5859969433475761,0.7908154667045424,1
2019-12-16,1.1179559338885925,-0.11829590406363455,0.26286945221880503,1.1020006959043978,1.2409096660124046,1.055372714736799,1.0127020420877086,0.7168531844795557,0.5746181515661782,0.5859969433475761,1
2019-12-17,1.25165694078887,-0.16106339571882652,0.5564127045361827,1.1195701896890131,1.247671362891692,1.1179559338885925,1.055372714736799,1.0127020420877086,0.7168531844795557,0.5746181515661782,1
2019-12-18,1.1179559338885925,-0.12033245128531037,-0.5449655667554667,1.132501338186847,1.2522793364335616,1.25165694078887,1.1179559338885925,1.055372714736799,1.0127020420877086,0.7168531844795557,0
2019-12-19,1.2431229147757696,-0.2255540577385604,0.5207201209714951,1.1441674943919344,1.2541826302683894,1.1179559338885925,1.25165694078887,1.1179559338885925,1.055372714736799,1.0127020420877086,1
2019-12-20,1.2971721079144636,0.04937981718767359,0.21683199096651531,1.1621586656785918,1.2557854020128183,1.2431229147757696,1.1179559338885925,1.25165694078887,1.1179559338885925,1.055372714736799,1
2019-12-23,1.4024259997153474,0.14883120651284218,0.41968086770450214,1.1721381386844314,1.2579391253502354,1.2971721079144636,1.2431229147757696,1.1179559338885925,1.25165694078887,1.1179559338885925,1
2019-12-24,1.479233047708633,-0.1284786401720136,0.2983704089168726,1.1920970846961112,1.2548838357416219,1.4024259997153474,1.2971721079144636,1.2431229147757696,1.1179559338885925,1.25165694078887,1
2019-12-26,1.4052707654836458,-0.2214809632952088,-0.28795399656910087,1.2214732804487014,1.2519788095665265,1.479233047708633,1.4024259997153474,1.2971721079144636,1.2431229147757696,1.1179559338885925,0
2019-12-27,1.3711343901394508,-0.17328267904888137,-0.13653541755066967,1.246070571747163,1.2489736125457223,1.4052707654836458,1.479233047708633,1.4024259997153474,1.2971721079144636,1.2431229147757696,0
2019-12-30,1.2118310339080784,-0.13832195174344666,-0.631703159027467,1.260547830872437,1.249574651949883,1.3711343901394508,1.4052707654836458,1.479233047708633,1.4024259997153474,1.2971721079144636,0
2019-12-31,1.3739791559077492,-0.14986238599960958,0.6607814869220924,1.2708084088085112,1.2493242176706565,1.2118310339080784,1.3711343901394508,1.4052707654836458,1.479233047708633,1.4024259997153474,1
2020-01-02,1.1947629818818781,-0.13424885730009506,-0.7098733169772936,1.2833178932087632,1.248322485330389,1.3739791559077492,1.2118310339080784,1.3711343901394508,1.4052707654836458,1.479233047708633,0
2020-01-03,1.1520923092327875,-0.15393548044296118,-0.1780839405475834,1.2896429082903327,1.2482223097080436,1.1947629818818781,1.3739791559077492,1.2118310339080784,1.3711343901394508,1.4052707654836458,0
2020-01-06,1.0667515065181974,-0.15936627303409667,-0.35686986974362284,1.293578484549298,1.249274129859484,1.1520923092327875,1.1947629818818781,1.3739791559077492,1.2118310339080784,1.3711343901394508,0
2020-01-07,1.0895090900809943,-0.28088025726075316,0.09356140027383686,1.2972329290691078,1.2498250814524725,1.0667515065181974,1.1520923092327875,1.1947629818818781,1.3739791559077492,1.2118310339080784,1
2020-01-08,0.9927892242932103,-0.28359565355632094,-0.41001283409080663,1.314661877090836,1.247471006870365,1.0895090900809943,1.0667515065181974,1.1520923092327875,1.1947629818818781,1.3739791559077492,0
2020-01-09,0.9899444585249118,-0.23675506745777736,-0.015034104606189522,1.3048229632523434,1.23775419600481,0.9927892242932103,1.0895090900809943,1.0667515065181974,1.1520923092327875,1.1947629818818781,0
2020-01-10,1.1691606325507824,-0.1614028202557725,0.769972588534367,1.2805067768841167,1.2279372095169094,0.9899444585249118,0.9927892242932103,1.0895090900809943,1.0667515065181974,1.1520923092327875,1
2020-01-13,1.2146757996763768,-0.2364156429208314,0.18532681066105972,1.261391172472061,1.2059491619590015,1.1691606325507824,0.9899444585249118,0.9927892242932103,1.0895090900809943,1.0667515065181974,1
2020-01-14,1.3057061339275629,-0.113543960546391,0.36950353891001925,1.2466327950120921,1.1781009742397295,1.2146757996763768,1.1691606325507824,0.9899444585249118,0.9927892242932103,1.0895090900809943,1
2020-01-15,1.2630357325702684,-0.14544986701931198,-0.17371417415985768,1.2363722170760179,1.1613720274390251,1.3057061339275629,1.2146757996763768,1.1691606325507824,0.9899444585249118,0.9927892242932103,0
2020-01-16,1.3711343901394508,-0.23777334106861525,0.4344579278987598,1.2169754943292672,1.1460455106913316,1.2630357325702684,1.3057061339275629,1.2146757996763768,1.1691606325507824,0.9899444585249118,1
2020-01-17,1.3796684161525505,-0.17769519802917894,0.030915780162101,1.2114938074428618,1.138131818038259,1.3711343901394508,1.2630357325702684,1.3057061339275629,1.2146757996763768,1.1691606325507824,1
2020-01-21,1.1976077476501765,-0.15970569757104264,-0.7201933053370543,1.213742713907039,1.1292163930449186,1.3796684161525505,1.3711343901394508,1.2630357325702684,1.3057061339275629,1.2146757996763768,0
2020-01-22,1.3170849257089619,-0.0775649596301184,0.48776035692121383,1.2200677289886082,1.119098889243256,1.1976077476501765,1.3796684161525505,1.3711343901394508,1.2630357325702684,1.3057061339275629,1
2020-01-23,1.6499151957214042,0.15731681993649138,1.3271436524385467,1.2251277383729717,1.103321591748283,1.3170849257089619,1.1976077476501765,1.3796684161525505,1.3711343901394508,1.2630357325702684,1
2020-01-24,1.203297007894978,0.03716053385761874,-1.6635271904776072,1.226533289833065,1.0849898732031495,1.6499151957214042,1.3170849257089619,1.1976077476501765,1.3796684161525505,1.3711343901394508,0
2020-01-27,0.9870996927566134,0.06702989310886392,-0.8892554178574335,1.225127724968512,1.0719673432263914,1.203297007894978,1.6499151957214042,1.3170849257089619,1.1976077476501765,1.3796684161525505,0
2020-01-28,1.0183915736243054,-0.25813881328537336,0.13224161281897498,1.2172565858550417,1.04712435730456,0.9870996927566134,1.203297007894978,1.6499151957214042,1.3170849257089619,1.1976077476501765,1
2020-01-29,1.0724407667629994,-0.14612871609320394,0.22868244288937808,1.211634353205749,1.0247356168105448,1.0183915736243054,0.9870996927566134,1.203297007894978,1.6499151957214042,1.3170849257089619,1
2020-01-30,1.0041680160746087,-0.15936627303409667,-0.2914000405557753,1.2002493287398157,0.9872707914597445,1.0724407667629994,1.0183915736243054,0.9870996927566134,1.203297007894978,1.6499151957214042,0
2020-01-31,0.9814104325118119,-0.09487561101436277,-0.10056686179758483,1.1918159663614167,0.9571186169695375,1.0041680160746087,1.0724407667629994,1.0183915736243054,0.9870996927566134,1.203297007894978,0
2020-02-03,1.0838195585443973,-0.09385733740352487,0.4397069054633488,1.175792583204242,0.9196537940070558,0.9814104325118119,1.0041680160746087,1.0724407667629994,1.0183915736243054,0.9870996927566134,1
2020-02-04,1.1976077476501765,-0.1824471415464225,0.47697016056942365,1.1587853126845558,0.8882995407085273,1.0838195585443973,0.9814104325118119,1.0041680160746087,1.0724407667629994,1.0183915736243054,1
2020-02-05,1.1947629818818781,-0.1950058494134233,-0.014456137967794474,1.1499302862085745,0.8566447700962362,1.1976077476501765,1.0838195585443973,0.9814104325118119,1.0041680160746087,1.0724407667629994,0
2020-02-06,1.1919182161135797,-0.20926167996515396,-0.014463791968750849,1.1332041340235832,0.8193802888251712,1.1947629818818781,1.1976077476501765,1.0838195585443973,0.9814104325118119,1.0041680160746087,0
2020-02-07,1.021236068100808,-0.21537132163018138,-0.7044641661824682,1.0917401179683233,0.7946875615602215,1.1919182161135797,1.1947629818818781,1.1976077476501765,1.0838195585443973,0.9814104325118119,0
2020-02-10,0.9614973434255181,-0.23166369940358783,-0.25842533143615926,1.0574444719987166,0.7713471765371105,1.021236068100808,1.1919182161135797,1.1947629818818781,1.1976077476501765,1.0838195585443973,0
2020-02-11,1.00985727631941,-0.21265592533461364,0.20718727155196554,1.0355177512620144,0.7483073088277621,0.9614973434255181,1.021236068100808,1.1919182161135797,1.1947629818818781,1.1976077476501765,1
2020-02-12,1.1008878818623922,-0.3110890410489443,0.3878511549151869,0.9957404184060022,0.7240152744989191,1.00985727631941,0.9614973434255181,1.021236068100808,1.1919182161135797,1.1947629818818781,1
2020-02-13,1.0752855325312973,-0.32670256974845885,-0.11028560488263126,0.954135856587855,0.7016766218160763,1.1008878818623922,1.00985727631941,0.9614973434255181,1.021236068100808,1.1919182161135797,0
2020-02-14,1.0923535845574968,-0.23777334106861525,0.06933031381005474,0.9229324318731297,0.6796885790348053,1.0752855325312973,1.1008878818623922,1.00985727631941,0.9614973434255181,1.021236068100808,1
2020-02-18,1.0468384174319036,-0.2075645572804241,-0.19428819751522694,0.8877934443038987,0.6452790409042999,1.0923535845574968,1.0752855325312973,1.1008878818623922,1.00985727631941,0.9614973434255181,0
2020-02-19,1.0354596256505053,-0.1644576410882862,-0.0511740550092574,0.8534977983342925,0.6173306823393194,1.0468384174319036,1.0923535845574968,1.0752855325312973,1.1008878818623922,1.00985727631941,0
2020-02-20,1.0183915736243054,-0.23064542579274994,-0.07556984543188766,0.8132987879762384,0.5921871791037262,1.0354596256505053,1.0468384174319036,1.0923535845574968,1.0752855325312973,1.1008878818623922,0
2020-02-21,0.9785656667435134,-0.2479560771769943,-0.1733258153868449,0.766915321703962,0.5719521667237645,1.0183915736243054,1.0354596256505053,1.0468384174319036,1.0923535845574968,1.0752855325312973,0
2020-02-24,0.8107282844990407,-0.20620685913264025,-0.728458387949146,0.6995890220574948,0.547710220206094,0.9785656667435134,1.0183915736243054,1.0354596256505053,1.0468384174319036,1.0923535845574968,0
2020-02-25,0.5091901666460865,-0.05516294019168452,-1.3618430116771587,0.6367605219349215,0.5295788481290139,0.8107282844990407,0.9785656667435134,1.0183915736243054,1.0354596256505053,1.0468384174319036,0
2020-02-26,0.5433265419902811,-0.1950058494134233,0.163771788873452,0.5816626017584716,0.510145221621267,0.5091901666460865,0.8107282844990407,0.9785656667435134,1.0183915736243054,1.0354596256505053,1
2020-02-27,0.21334130903793264,-0.11048913971387729,-1.5978479506140117,0.49044179324581955,0.48945942849402596,0.5433265419902811,0.5091901666460865,0.8107282844990407,0.9785656667435134,1.0183915736243054,0
2020-02-28,0.2304093610641324,-0.113543960546391,0.0878301711177137,0.4086382210696182,0.47072701701278463,0.21334130903793264,0.5433265419902811,0.5091901666460865,0.8107282844990407,0.9785656667435134,1
2020-03-02,0.37264439397750987,-0.18719908506366603,0.7484684570676956,0.30041013533505034,0.4480878470161798,0.2304093610641324,0.21334130903793264,0.5433265419902811,0.5091901666460865,0.8107282844990407,1
2020-03-03,0.27023526794492453,-0.11863532860058053,-0.5218089718567017,0.213968231276527,0.4237958126873369,0.37264439397750987,0.2304093610641324,0.21334130903793264,0.5433265419902811,0.5091901666460865,0
2020-03-04,0.3897127172955047,-0.2679821248568064,0.6209133058483863,0.11234628566045309,0.3994536953239584,0.27023526794492453,0.37264439397750987,0.2304093610641324,0.21334130903793264,0.5433265419902811,1
2020-03-05,0.38402318575890826,-0.20213376468928862,-0.03147303761786329,0.03504051300814623,0.37275750337847186,0.3897127172955047,0.27023526794492453,0.37264439397750987,0.2304093610641324,0.21334130903793264,0
2020-03-06,0.25601171039522763,-0.23166369940358783,-0.6494762726740181,-0.04887139306042498,0.3462115700898668,0.38402318575890826,0.3897127172955047,0.27023526794492453,0.37264439397750987,0.2304093610641324,0
2020-03-09,-0.17069338834490477,-0.018505090201519993,-2.2395514000722967,-0.140373319907772,0.3218694527264883,0.25601171039522763,0.38402318575890826,0.3897127172955047,0.27023526794492453,0.37264439397750987,0
2020-03-10,-0.25034493081469394,-0.12372669665477004,-0.48018270778444055,-0.18563233965018952,0.2950730851586569,-0.17069338834490477,0.25601171039522763,0.38402318575890826,0.3897127172955047,0.27023526794492453,0
2020-03-11,-0.15362506502690945,-0.14375274433458216,0.592876887830649,-0.20699685052642272,0.2763406736774155,-0.25034493081469394,-0.17069338834490477,0.25601171039522763,0.38402318575890826,0.3897127172955047,1
2020-03-12,-0.8363533857861987,0.4509190443947536,-4.071496445942659,-0.22540968591066185,0.2638690952936456,-0.15362506502690945,-0.25034493081469394,-0.17069338834490477,0.25601171039522763,0.38402318575890826,0
2020-03-13,-0.5547280857277422,-0.045319628620251455,2.171632881912804,-0.234686389888685,0.2515477755667572,-0.8363533857861987,-0.15362506502690945,-0.25034493081469394,-0.17069338834490477,0.25601171039522763,1
2020-03-16,-1.1151340557222544,-0.10064582814244423,-3.859424748078649,-0.2410114049702544,0.24082922758429717,-0.5547280857277422,-0.8363533857861987,-0.15362506502690945,-0.25034493081469394,-0.17069338834490477,0
2020-03-17,-0.6571372117603276,-0.050410996674440975,4.018740800377278,-0.261251455912169,0.22820738576701,-1.1151340557222544,-0.5547280857277422,-0.8363533857861987,-0.15362506502690945,-0.25034493081469394,1
2020-03-18,-1.0098800282754727,-0.05686006287641437,-2.5301868338624787,-0.30327768182789794,0.2105768774717453,-0.6571372117603276,-1.1151340557222544,-0.5547280857277422,-0.8363533857861987,-0.15362506502690945,0
2020-03-19,-0.529125736396647,-0.06975819528036115,4.0105905385620915,-0.3419305681540516,0.18783753185279511,-1.0098800282754727,-0.6571372117603276,-1.1151340557222544,-0.5547280857277422,-0.8363533857861987,1
2020-03-20,-0.6798947953231244,-0.1264420929503378,-1.0302012234492839,-0.37453954432887016,0.16514826926838164,-0.529125736396647,-1.0098800282754727,-0.6571372117603276,-1.1151340557222544,-0.5547280857277422,0
2020-03-23,-0.8733345268986923,-0.09453618647741681,-1.4015654642749302,-0.39126569651386195,0.13935363404081835,-0.6798947953231244,-0.529125736396647,-1.0098800282754727,-0.6571372117603276,-1.1151340557222544,0
2020-03-24,-0.10526540342481301,-0.05108984574833291,6.023918261182155,-0.3970284883305021,0.11536212180237422,-0.8733345268986923,-0.6798947953231244,-0.529125736396647,-1.0098800282754727,-0.6571372117603276,1
2020-03-25,0.07679553636935707,-0.17531922627055715,1.0649617028835534,-0.38648679205973324,0.0979319647517998,-0.10526540342481301,-0.8733345268986923,-0.6798947953231244,-0.529125736396647,-1.0098800282754727,1
2020-03-26,0.17067063638884206,-0.17022785821636766,0.516676475784742,-0.38451901733471083,0.07904929461367745,0.07679553636935707,-0.10526540342481301,-0.8733345268986923,-0.6798947953231244,-0.529125736396647,1
2020-03-27,0.02559083770716558,-0.2584782378223193,-0.7828472480080736,-0.3434766787814928,0.05791272551579302,0.17067063638884206,0.07679553636935707,-0.10526540342481301,-0.8733345268986923,-0.6798947953231244,0
2020-03-30,0.10239788570045129,-0.2947966632755379,0.42909244024785814,-0.30861879614249665,0.03316991043967085,0.02559083770716558,0.17067063638884206,0.07679553636935707,-0.10526540342481301,-0.8733345268986923,1
2020-03-31,-0.0369923814446277,-0.1855019623789362,-0.7680064080469919,-0.2525369684968454,0.009879608451096037,0.10239788570045129,0.02559083770716558,0.17067063638884206,0.07679553636935707,-0.10526540342481301,0
2020-04-01,-0.5803301637670418,-0.08367460129514583,-3.119335597813371,-0.22583134330601398,-0.013360600949670056,-0.0369923814446277,0.10239788570045129,0.02559083770716558,0.17067063638884206,0.07679553636935707,0
2020-04-02,-0.3925799637280714,-0.2235175105168846,1.302190505104843,-0.17649620154174395,-0.03394621845456614,-0.5803301637670418,-0.0369923814446277,0.10239788570045129,0.02559083770716558,0.17067063638884206,1
2020-04-03,-0.2759472801457887,-0.2866504743888346,0.7526124088226819,-0.15709947879499336,-0.057236515666504104,-0.3925799637280714,-0.5803301637670418,-0.0369923814446277,0.10239788570045129,0.02559083770716558,1
2020-04-06,-0.0825075485702207,-0.20790398181737008,1.1991563172368682,-0.13882720257810174,-0.07606910277009031,-0.2759472801457887,-0.3925799637280714,-0.5803301637670418,-0.0369923814446277,0.10239788570045129,1
2020-04-07,-0.287326071927187,-0.16887016006858377,-1.1950588676163776,-0.0989093105547416,-0.09465125559445015,-0.0825075485702207,-0.2759472801457887,-0.3925799637280714,-0.5803301637670418,-0.0369923814446277,0
2020-04-08,-0.0369923814446277,-0.21367419894545153,1.5588562513574344,-0.08738371351700158,-0.10852525925459555,-0.287326071927187,-0.0825075485702207,-0.2759472801457887,-0.3925799637280714,-0.5803301637670418,1
2020-04-09,-0.11379942943791291,-0.2445618318075346,-0.44333790614005486,-0.08429147885766053,-0.11263236901464921,-0.0369923814446277,-0.287326071927187,-0.0825075485702207,-0.2759472801457887,-0.3925799637280714,0
2020-04-13,-0.005700771868730556,-0.22012326514742492,0.6329770875988744,-0.07895035113860209,-0.10817465890629747,-0.11379942943791291,-0.0369923814446277,-0.287326071927187,-0.0825075485702207,-0.2759472801457887,1
2020-04-14,0.15075781859434378,-0.21910499153658702,0.8857206506381774,-0.06447307860886851,-0.10622128203693364,-0.005700771868730556,-0.11379942943791291,-0.0369923814446277,-0.287326071927187,-0.0825075485702207,1
2020-04-15,0.01990157746236468,-0.26458787948734674,-0.7106189213760303,-0.0466224798940183,-0.10817466368293377,0.15075781859434378,-0.005700771868730556,-0.11379942943791291,-0.0369923814446277,-0.287326071927187,0
2020-04-16,-0.1166441952062119,-0.1726038299749894,-0.7719223174696148,-0.030599110141303225,-0.11253220294557752,0.01990157746236468,0.15075781859434378,-0.005700771868730556,-0.11379942943791291,-0.0369923814446277,0
2020-04-17,-0.011390032113531961,-0.18414426423115232,0.6168292071581813,-0.0029095975879608656,-0.114886277527685,-0.1166441952062119,0.01990157746236468,0.15075781859434378,-0.005700771868730556,-0.11379942943791291,1
2020-04-20,-0.13655701300070916,-0.22928772764496605,-0.7148646390915515,0.0062265338182551,-0.11704000564173854,-0.011390032113531961,-0.1166441952062119,0.01990157746236468,0.15075781859434378,-0.005700771868730556,0
2020-04-21,-0.3100836554899838,-0.14986238599960958,-1.0310439912315101,0.015362665224471066,-0.12154780356126325,-0.13655701300070916,-0.011390032113531961,-0.1166441952062119,0.01990157746236468,0.15075781859434378,0
2020-04-22,-0.06543949654402041,-0.26187248319177897,1.5356096395820382,0.006085961246447903,-0.11864277738616742,-0.3100836554899838,-0.13655701300070916,-0.011390032113531961,-0.1166441952062119,0.01990157746236468,1
2020-04-23,0.12800023503154703,0.046324996355159874,1.1170298221611035,0.011848753063088061,-0.10281539208002245,-0.06543949654402041,-0.3100836554899838,-0.13655701300070916,-0.011390032113531961,-0.1166441952062119,1
2020-04-24,0.1393790268129454,-0.1895750568222878,0.05920287180200349,0.015222092652663869,-0.09049407235313352,0.12800023503154703,-0.06543949654402041,-0.3100836554899838,-0.13655701300070916,-0.011390032113531961,1
2020-04-27,0.2787692939580244,-0.20620685913264025,0.7538406228333895,0.015362651820010837,-0.0799257878041913,0.1393790268129454,0.12800023503154703,-0.06543949654402041,-0.3100836554899838,-0.13655701300070916,1
2020-04-28,0.318595200838816,-0.1844836887680983,0.20460262962964482,0.006226520413794871,-0.06359753393959355,0.2787692939580244,0.1393790268129454,0.12800023503154703,-0.06543949654402041,-0.3100836554899838,1
2020-04-29,0.4636747282286969,-0.13832195174344666,0.7439895064489956,-0.01626243699229625,-0.05167690714881197,0.318595200838816,0.2787692939580244,0.1393790268129454,0.12800023503154703,-0.06543949654402041,1
2020-04-30,0.2873033199711248,-0.2703580966154282,-0.8741255734414474,-0.02947470382482496,-0.02773548033322212,0.4636747282286969,0.318595200838816,0.2787692939580244,0.1393790268129454,0.12800023503154703,0
2020-05-01,-0.019924329418427415,-0.1919510285809096,-1.5985772340696232,-0.034956377306770134,-0.011908095027076583,0.2873033199711248,0.4636747282286969,0.318595200838816,0.2787692939580244,0.1393790268129454,0
2020-05-04,-0.2076745294573979,-0.23539736930999347,-1.0738230169058558,-0.04043806419317606,0.00837700516405699,-0.019924329418427415,0.2873033199711248,0.4636747282286969,0.318595200838816,0.2787692939580244,0
2020-05-05,-0.09104184587511616,-0.22385693505383059,0.7050807107603747,-0.047887525804603856,0.025957425648149252,-0.2076745294573979,-0.019924329418427415,0.2873033199711248,0.4636747282286969,0.318595200838816,1
2020-05-06,-0.27025801990098725,-0.3110890410489443,-1.048937526137686,-0.03509693647411762,0.0516017974421947,-0.09104184587511616,-0.2076745294573979,-0.019924329418427415,0.2873033199711248,0.4636747282286969,0
2020-05-07,-0.17069338834490477,-0.17871347164001683,0.6146420444231885,-0.03565915973904684,0.08500960323243194,-0.27025801990098725,-0.09104184587511616,-0.2076745294573979,-0.019924329418427415,0.2873033199711248,1
2020-05-08,0.031280369243762554,-0.23437909569915558,1.207790815461866,-0.040859728290757784,0.10719799725839378,-0.17069338834490477,-0.27025801990098725,-0.09104184587511616,-0.2076745294573979,-0.019924329418427415,1
2020-05-11,-0.11095466366961493,-0.21469247255628943,-0.8011001510053386,-0.03411304911160616,0.12062122494789569,0.031280369243762554,-0.17069338834490477,-0.27025801990098725,-0.09104184587511616,-0.2076745294573979,0
2020-05-12,-0.19060620613940304,-0.24422240727058864,-0.4707867057037949,-0.008531870450633694,0.13459540423038596,-0.11095466366961493,0.031280369243762554,-0.17069338834490477,-0.27025801990098725,-0.09104184587511616,0
2020-05-13,-0.30439439524518236,-0.09249963925574099,-0.6893818914825764,-0.00825076552039894,0.14982175013237017,-0.19060620613940304,-0.11095466366961493,0.031280369243762554,-0.17069338834490477,-0.27025801990098725,0
2020-05-14,-0.2475004363381905,-0.2686609739306983,0.35427137064963243,-0.025258036040085183,0.16309471438835424,-0.30439439524518236,-0.19060620613940304,-0.11095466366961493,0.031280369243762554,-0.17069338834490477,1
2020-05-15,-0.22758734725189667,-0.22860887857107412,0.11973884155158554,-0.033269720916442196,0.1634954073244616,-0.2475004363381905,-0.30439439524518236,-0.19060620613940304,-0.11095466366961493,0.031280369243762554,1
2020-05-18,-0.12233345545101279,-0.2554234169898056,0.6403797719474094,-0.025539140970319937,0.16920528405230786,-0.22758734725189667,-0.2475004363381905,-0.30439439524518236,-0.19060620613940304,-0.11095466366961493,1
2020-05-19,-0.287326071927187,-0.30260342762529513,-0.9758750929383159,-0.002066296201717356,0.1723106566954571,-0.12233345545101279,-0.22758734725189667,-0.2475004363381905,-0.30439439524518236,-0.19060620613940304,0
2020-05-20,-0.051215938994324056,-0.2839350780932669,1.4701267965227909,0.008756518403746482,0.1718598759481773,-0.287326071927187,-0.12233345545101279,-0.22758734725189667,-0.2475004363381905,-0.30439439524518236,1
2020-05-21,-0.0768182883254193,-0.30973134290116044,-0.1503051174808634,0.04291161861046593,0.16630025310057575,-0.051215938994324056,-0.287326071927187,-0.12233345545101279,-0.22758734725189667,-0.2475004363381905,0
2020-05-22,0.022746343230663164,-0.33926127761545966,0.5757315039335199,0.08732729675325925,0.16003942000310428,-0.0768182883254193,-0.051215938994324056,-0.287326071927187,-0.12233345545101279,-0.22758734725189667,1
2020-05-26,0.2759245281897259,-0.2265723313493983,1.4220656606917486,0.10798902519721629,0.14917061336376383,0.022746343230663164,-0.0768182883254193,-0.051215938994324056,-0.287326071927187,-0.12233345545101279,1
2020-05-27,0.7965047269493438,-0.09657273369909261,2.7102103712322005,0.13553799198767139,0.14356090748162556,0.2759245281897259,0.022746343230663164,-0.0768182883254193,-0.051215938994324056,-0.287326071927187,1
2020-05-28,0.3242844610836179,-0.08028035592568615,-2.1388049377958693,0.14945302784801603,0.13234149571735015,0.7965047269493438,0.2759245281897259,0.022746343230663164,-0.0768182883254193,-0.051215938994324056,0
2020-05-29,0.11946593772665158,-0.21910499153658702,-1.0553077870724048,0.1705364203895548,0.11671445687925858,0.3242844610836179,0.7965047269493438,0.2759245281897259,0.022746343230663164,-0.0768182883254193,0
2020-06-01,0.12515546926324855,-0.10539777165968778,0.02829496207738105,0.19485260675778104,0.10063663729388722,0.11946593772665158,0.3242844610836179,0.7965047269493438,0.2759245281897259,0.022746343230663164,1
2020-06-02,0.13653426104464692,-0.2652667285612387,0.059256768054229754,0.21804433319168917,0.08826523453246216,0.12515546926324855,0.11946593772665158,0.3242844610836179,0.7965047269493438,0.2759245281897259,1
2020-06-03,0.267390502176626,-0.21435304801934346,0.7081330424340835,0.2311160408568704,0.07599399784010934,0.13653426104464692,0.12515546926324855,0.11946593772665158,0.3242844610836179,0.7965047269493438,1
2020-06-04,0.12800023503154703,-0.28189853087159106,-0.7310202958402617,0.26850392148581814,0.06437389313972658,0.267390502176626,0.13653426104464692,0.12515546926324855,0.11946593772665158,0.3242844610836179,0
2020-06-05,0.4210043268714019,-0.22623290681245234,1.593190948817246,0.3094057008716887,0.05265361281699896,0.12800023503154703,0.267390502176626,0.13653426104464692,0.12515546926324855,0.11946593772665158,1
2020-06-08,0.7282319762609536,-0.2034914628370725,1.5332136835030157,0.3638008520203222,0.035273541189278806,0.4210043268714019,0.12800023503154703,0.267390502176626,0.13653426104464692,0.12515546926324855,1
2020-06-09,0.4494514419707956,-0.2449012563444806,-1.2860255667055136,0.41974211379639637,0.012984973929290268,0.7282319762609536,0.4210043268714019,0.12800023503154703,0.267390502176626,0.13653426104464692,0
2020-06-10,0.4466066762024971,-0.23030600125580397,-0.01688633672144029,0.4475721989215464,-0.009153332285498583,0.4494514419707956,0.7282319762609536,0.4210043268714019,0.12800023503154703,0.267390502176626,0
2020-06-11,0.09101909391905343,-0.1379825272065007,-1.7678746345415552,0.4558650021325984,-0.034397011143437226,0.4466066762024971,0.4494514419707956,0.7282319762609536,0.4210043268714019,0.12800023503154703,0
2020-06-12,0.12231070349495006,-0.1284786401720136,0.16961328902096226,0.48383563302063526,-0.06159407164737544,0.09101909391905343,0.4466066762024971,0.4494514419707956,0.7282319762609536,0.4210043268714019,1
2020-06-15,0.24463291861382877,-0.26119363411788704,0.6646616567321626,0.5202396262870715,-0.09249754181030606,0.12231070349495006,0.09101909391905343,0.4466066762024971,0.4494514419707956,0.7282319762609536,1
2020-06-16,0.2417881528455308,-0.28325622901937497,-0.017738615109475414,0.5133523879405729,-0.11829217226123305,0.24463291861382877,0.12231070349495006,0.09101909391905343,0.4466066762024971,0.4494514419707956,0
2020-06-17,0.1422237925812439,-0.22725118042329026,-0.5268807933940256,0.4939556651938224,-0.14048056389887617,0.2417881528455308,0.24463291861382877,0.12231070349495006,0.09101909391905343,0.4466066762024971,0
2020-06-18,0.4693642597652939,-0.17056728275331362,1.771421531827349,0.47006115632763806,-0.15976392936142403,0.1422237925812439,0.2417881528455308,0.24463291861382877,0.12231070349495006,0.09101909391905343,1
2020-06-19,0.7765919091548455,-0.013413722147330474,1.5126693537987541,0.4488372046187523,-0.18110084731568002,0.4693642597652939,0.1422237925812439,0.2417881528455308,0.24463291861382877,0.12231070349495006,1
2020-06-22,1.024080833869107,-0.20722513274347815,1.122391031393173,0.4083570893304635,-0.1980802260072928,0.7765919091548455,0.4693642597652939,0.1422237925812439,0.2417881528455308,0.24463291861382877,1
2020-06-23,1.154937075001086,-0.013753146684276442,0.5568344475453025,0.34060912558641404,-0.21621159808437285,1.024080833869107,0.7765919091548455,0.4693642597652939,0.1422237925812439,0.2417881528455308,1
2020-06-24,0.8391753995984345,0.06702989310886392,-1.3120586452705625,0.2860734152704331,-0.23880068504644206,1.154937075001086,1.024080833869107,0.7765919091548455,0.4693642597652939,0.1422237925812439,0
2020-06-25,0.9643421091938166,-0.20790398181737008,0.5573374895544637,0.2426416244901507,-0.258234311554189,0.8391753995984345,1.154937075001086,1.024080833869107,0.7765919091548455,0.4693642597652939,1
2020-06-26,0.8903798269688293,0.5289866878923263,-0.32367521296218643,0.2063781903910619,-0.27746759159388207,0.9643421091938166,0.8391753995984345,1.154937075001086,1.024080833869107,0.7765919091548455,0
2020-06-29,0.8562434516246347,-0.07179474250203695,-0.15359700216412933,0.16393030037775014,-0.29665078382240323,0.8903798269688293,0.9643421091938166,0.8391753995984345,1.154937075001086,1.024080833869107,0
2020-06-30,-0.014234797881830446,0.8266620067939401,-3.8815058241886353,0.10770792026698153,-0.31628475440988546,0.8562434516246347,0.8903798269688293,0.9643421091938166,0.8391753995984345,1.154937075001086,0
2020-07-01,-0.2560344623512904,0.2801885023109318,-1.3796498152841854,0.055280557247830674,-0.3348669072342453,-0.014234797881830446,0.8562434516246347,0.8903798269688293,0.9643421091938166,0.8391753995984345,0
2020-07-02,-0.21620855547049828,-0.006285806871465147,0.2429759174895484,0.013254317927640948,-0.350719336445977,-0.2560344623512904,-0.014234797881830446,0.8562434516246347,0.8903798269688293,0.9643421091938166,1
2020-07-06,-0.3015496294768839,-0.13967964989123052,-0.5222297123456083,-0.04929307726469704,-0.35818224835177,-0.21620855547049828,-0.2560344623512904,-0.014234797881830446,0.8562434516246347,0.8903798269688293,0
2020-07-07,-0.39826949526466787,0.22418345371484705,-0.6091514645077608,-0.13587554049056735,-0.36228935333518736,-0.3015496294768839,-0.21620855547049828,-0.2560344623512904,-0.014234797881830446,0.8562434516246347,0
2020-07-08,-0.6429136542106307,0.014419089882238894,-1.5905310025949166,-0.23848138017138285,-0.3698524408633252,-0.39826949526466787,-0.3015496294768839,-0.21620855547049828,-0.2560344623512904,-0.014234797881830446,0
2020-07-09,-0.6542924459920291,0.14068501762613894,-0.08384246935268796,-0.35176947529031416,-0.37821691426367776,-0.6429136542106307,-0.39826949526466787,-0.3015496294768839,-0.21620855547049828,-0.2560344623512904,0
2020-07-10,-0.432405870608863,0.4824855263307286,1.585231134711661,-0.4484719706893716,-0.3937437774794239,-0.6542924459920291,-0.6429136542106307,-0.39826949526466787,-0.3015496294768839,-0.21620855547049828,1
2020-07-13,-0.6429136542106307,0.6189341901830078,-1.3861689561207156,-0.5531861509647866,-0.4191377149942435,-0.432405870608863,-0.6542924459920291,-0.6429136542106307,-0.39826949526466787,-0.3015496294768839,0
2020-07-14,-0.7367887542301162,0.5751484249169778,-0.6715719578007955,-0.6577597720728541,-0.43586666179494865,-0.6429136542106307,-0.432405870608863,-0.6542924459920291,-0.6429136542106307,-0.39826949526466787,0
2020-07-15,-0.8932473446931906,0.6080726050007368,-1.1608646041697916,-0.7638795105105923,-0.44858867445794437,-0.7367887542301162,-0.6429136542106307,-0.432405870608863,-0.6542924459920291,-0.6429136542106307,0
2020-07-16,-0.8192850624682033,0.19669006622222365,0.5827018511345614,-0.8213668963185674,-0.4617614678682205,-0.8932473446931906,-0.7367887542301162,-0.6429136542106307,-0.432405870608863,-0.6542924459920291,1
2020-07-17,-0.708341910422518,-0.052447543896116784,0.8475248740079528,-0.8719670370778132,-0.4735318360021205,-0.8192850624682033,-0.8932473446931906,-0.7367887542301162,-0.6429136542106307,-0.432405870608863,1
2020-07-20,-0.7965274789054065,-0.09317848832963294,-0.6478991554978303,-0.9256594124964002,-0.48950947996514704,-0.708341910422518,-0.8192850624682033,-0.8932473446931906,-0.7367887542301162,-0.6429136542106307,0
2020-07-21,-0.9757436529312776,0.18209481113354703,-1.3630391051779478,-0.9751351067257875,-0.5047859136783043,-0.7965274789054065,-0.708341910422518,-0.8192850624682033,-0.8932473446931906,-0.7367887542301162,0
2020-07-22,-1.0525505652786655,0.34094549442426003,-0.6338810947932789,-1.0164585569114701,-0.5226167684416223,-0.9757436529312776,-0.7965274789054065,-0.708341910422518,-0.8192850624682033,-0.8932473446931906,0
2020-07-23,-1.137891639285051,0.22554115186263093,-0.7297287261103568,-1.0440075237019253,-0.54876200879412,-1.0525505652786655,-0.9757436529312776,-0.7965274789054065,-0.708341910422518,-0.8192850624682033,0
2020-07-24,-1.1179786858446552,0.059562553296052624,0.17405387831227848,-1.073524278621863,-0.5697483240117602,-1.137891639285051,-1.0525505652786655,-0.9757436529312776,-0.7965274789054065,-0.708341910422518,1
2020-07-27,-1.1549598269571488,0.9121969901043241,-0.32795085383833555,-1.1121771649480163,-0.5891318627083343,-1.1179786858446552,-1.137891639285051,-1.0525505652786655,-0.9757436529312776,-0.7965274789054065,0
2020-07-28,-1.2260773434138375,0.8453303563259683,-0.639724711334347,-1.143802253760324,-0.602254568307438,-1.1549598269571488,-1.1179786858446552,-1.137891639285051,-1.0525505652786655,-0.9757436529312776,0
2020-07-29,-1.2915054639798271,0.4230862323651842,-0.6104723207489724,-1.1762706841722552,-0.6177814315231841,-1.2260773434138375,-1.1549598269571488,-1.1179786858446552,-1.137891639285051,-1.0525505652786655,0
2020-07-30,-1.1777174105199455,0.42817760041937375,1.0913682034717163,-1.1994624173083936,-0.6332582117043952,-1.2915054639798271,-1.2260773434138375,-1.1549598269571488,-1.1179786858446552,-1.137891639285051,1
2020-07-31,-1.2801266721984286,0.4638171767987004,-0.9305858349279168,-1.2223730388120668,-0.6479836890479272,-1.1777174105199455,-1.2915054639798271,-1.2260773434138375,-1.1549598269571488,-1.1179786858446552,0
2020-08-03,-1.3028842557612255,0.2822250495326076,-0.22027073958937074,-1.237904464883526,-0.6606055308652145,-1.2801266721984286,-1.1777174105199455,-1.2915054639798271,-1.2260773434138375,-1.1549598269571488,0
2020-08-04,-1.3028842557612255,0.6033206614834932,-0.002776399662175084,-1.2336877836943263,-0.677384565477092,-1.3028842557612255,-1.2801266721984286,-1.1777174105199455,-1.2915054639798271,-1.2260773434138375,1
2020-08-05,-1.2346115050728352,0.5978898688923577,0.6577619583367524,-1.199532683487607,-0.6984209637292679,-1.3028842557612255,-1.3028842557612255,-1.2801266721984286,-1.1777174105199455,-1.2915054639798271,1
2020-08-06,-1.2004749940827422,0.171912075025168,0.3156987278991473,-1.1725459466643113,-0.7281223574721951,-1.2346115050728352,-1.3028842557612255,-1.3028842557612255,-1.2801266721984286,-1.1777174105199455,1
2020-08-07,-1.2516796927449327,0.08264342180837844,-0.472107519821103,-1.1386719580900568,-0.761429987640087,-1.2004749940827422,-1.2346115050728352,-1.3028842557612255,-1.3028842557612255,-1.2801266721984286,0
2020-08-10,-1.2146985516324391,-0.07247359157592889,0.34534581484360977,-1.1133718843593188,-0.7918826818323746,-1.2516796927449327,-1.2004749940827422,-1.2346115050728352,-1.3028842557612255,-1.3028842557612255,1
2020-08-11,-1.2829713023208293,0.20415740603503496,-0.6331576362570156,-1.088212369795928,-0.8250400533433855,-1.2146985516324391,-1.2516796927449327,-1.2004749940827422,-1.2346115050728352,-1.3028842557612255,0
2020-08-12,-1.3939147256583102,0.46856912031594394,-1.0646819697271315,-1.058555069113103,-0.8552923986793005,-1.2829713023208293,-1.2146985516324391,-1.2516796927449327,-1.2004749940827422,-1.2346115050728352,0
2020-08-13,-1.3626229804365158,0.9169489336215676,0.31569815061628936,-1.024540534775961,-0.8843426604302577,-1.3939147256583102,-1.2829713023208293,-1.2146985516324391,-1.2516796927449327,-1.2004749940827422,1
2020-08-14,-1.2829713023208293,0.6824065785919037,0.793663555766658,-0.9971321271528533,-0.8990180547392541,-1.3626229804365158,-1.3939147256583102,-1.2829713023208293,-1.2146985516324391,-1.2516796927449327,1
2020-08-17,-1.0226812029410204,1.5560853366908252,2.4886151407212793,-0.9601659173237177,-0.9111390279980891,-1.2829713023208293,-1.3626229804365158,-1.3939147256583102,-1.2829713023208293,-1.2146985516324391,1
2020-08-18,-0.711186404899021,1.5248582792917962,2.6132771300136546,-0.9274163752793215,-0.9246123411104453,-1.0226812029410204,-1.2829713023208293,-1.3626229804365158,-1.3939147256583102,-1.2829713023208293,1
2020-08-19,-0.28448130615888856,3.8210652717312685,3.122437125903183,-0.899586296856402,-0.9355813209838131,-0.711186404899021,-1.0226812029410204,-1.2829713023208293,-1.3626229804365158,-1.3939147256583102,1
2020-08-20,-0.5063681528338502,2.656499685469653,-1.3855758820369277,-0.867820655578977,-0.941741978458939,-0.28448130615888856,-0.711186404899021,-1.0226812029410204,-1.2829713023208293,-1.3626229804365158,0
2020-08-21,-0.45231868840336126,1.6697925565677245,0.36237172967831444,-0.8458939348422748,-0.9432946671688324,-0.5063681528338502,-0.28448130615888856,-0.711186404899021,-1.0226812029410204,-1.2829713023208293,1
2020-08-24,-0.6059325130981371,0.9183066317693516,-1.0197412909599715,-0.8207344202788841,-0.9426435399534987,-0.45231868840336126,-0.5063681528338502,-0.28448130615888856,-0.711186404899021,-1.0226812029410204,0
2020-08-25,-0.6457584199789292,0.5537646790893819,-0.2823781263626227,-0.7930448943210815,-0.9442463116979275,-0.6059325130981371,-0.45231868840336126,-0.5063681528338502,-0.28448130615888856,-0.711186404899021,0
2020-08-26,-0.625845602184431,0.04734326996599778,0.1392501365860361,-0.7619820287737037,-0.9436953601049392,-0.6457584199789292,-0.6059325130981371,-0.45231868840336126,-0.5063681528338502,-0.28448130615888856,1
2020-08-27,-0.6030880186216342,0.23572388797100996,0.15825778913736951,-0.7306380448916308,-0.942693627764671,-0.625845602184431,-0.6457584199789292,-0.6059325130981371,-0.45231868840336126,-0.5063681528338502,1
2020-08-28,-0.6230008364161325,-0.05380524204390066,-0.1424199462841724,-0.6946557224250063,-0.9398386894007482,-0.6030880186216342,-0.625845602184431,-0.6457584199789292,-0.6059325130981371,-0.45231868840336126,0
2020-08-31,-0.5319705021649455,0.9984108224885999,0.6406341418870469,-0.6606411813856343,-0.9397886063662121,-0.6230008364161325,-0.6030880186216342,-0.625845602184431,-0.6457584199789292,-0.6059325130981371,1
2020-09-01,-0.6400688884423322,0.4977596304932972,-0.7402209457213327,-0.6385036218979112,-0.9401892993023194,-0.5319705021649455,-0.6230008364161325,-0.6030880186216342,-0.625845602184431,-0.6457584199789292,0
2020-09-02,-0.7396335199984146,0.5364540277051375,-0.7113007992558825,-0.6272591565993253,-0.9380355759649023,-0.6400688884423322,-0.5319705021649455,-0.6230008364161325,-0.6030880186216342,-0.625845602184431,0
2020-09-03,-0.5917092268402359,0.4067938545917778,1.0934361927474112,-0.6338652900155897,-0.9341288174495382,-0.7396335199984146,-0.6400688884423322,-0.5319705021649455,-0.6230008364161325,-0.6030880186216342,1
2020-09-04,-0.75670184331641,0.1009723468034607,-1.1546739217317223,-0.6415958699617119,-0.9290199777375346,-0.5917092268402359,-0.7396335199984146,-0.6400688884423322,-0.5319705021649455,-0.6230008364161325,0
2020-09-08,-0.7424782857667132,0.03274801487732116,0.10338206206499735,-0.6556514649894046,-0.9225087127491555,-0.75670184331641,-0.5917092268402359,-0.7396335199984146,-0.6400688884423322,-0.5319705021649455,1
2020-09-09,-0.6542924459920291,0.014079665345292926,0.6515098670580393,-0.6697070667193263,-0.9151960595002435,-0.7424782857667132,-0.75670184331641,-0.5917092268402359,-0.7396335199984146,-0.6400688884423322,1
2020-09-10,-0.6542924459920291,0.026638373212293738,-0.002776399662175084,-0.6832004384820893,-0.9078333184401596,-0.6542924459920291,-0.7424782857667132,-0.75670184331641,-0.5917092268402359,-0.7396335199984146,1
2020-09-11,-0.7595463377929129,0.3127732578577447,-0.7560620498342883,-0.6931799114879295,-0.901071616784236,-0.6542924459920291,-0.6542924459920291,-0.7424782857667132,-0.75670184331641,-0.5917092268402359,0
2020-09-14,-0.6343796281975308,0.14170329123697686,0.9325269847256756,-0.7025971478243802,-0.8947106104527378,-0.7595463377929129,-0.6542924459920291,-0.6542924459920291,-0.7424782857667132,-0.75670184331641,1
2020-09-15,-0.5945537213167388,-0.023935882792655478,0.279991836615988,-0.7137010673600783,-0.8921561917908951,-0.6343796281975308,-0.7595463377929129,-0.6542924459920291,-0.6542924459920291,-0.7424782857667132,1
2020-09-16,-0.5746409035222405,-0.09249963925574099,0.1364001010111538,-0.7340816774693403,-0.8868470056108381,-0.5945537213167388,-0.6343796281975308,-0.7595463377929129,-0.6542924459920291,-0.6542924459920291,1
2020-09-17,-0.48361056927105345,0.010006570901941311,0.6285346018855783,-0.7509483955239087,-0.8821889466461136,-0.5746409035222405,-0.5945537213167388,-0.6343796281975308,-0.7595463377929129,-0.6542924459920291,1
2020-09-18,-0.41818231305916614,0.09384443152759539,0.43546677576220205,-0.7600845336323547,-0.8771301947452824,-0.48361056927105345,-0.5746409035222405,-0.5945537213167388,-0.6343796281975308,-0.7595463377929129,1
2020-09-21,-0.6628267432969246,-0.018505090201519993,-1.6021221750920225,-0.7678151001740173,-0.8720213550332788,-0.41818231305916614,-0.48361056927105345,-0.5746409035222405,-0.5945537213167388,-0.6343796281975308,0
2020-09-22,-0.7367887542301162,-0.09826985638382245,-0.5339300108610915,-0.7665500944768113,-0.8682147697519421,-0.6628267432969246,-0.41818231305916614,-0.48361056927105345,-0.5746409035222405,-0.5945537213167388,0
2020-09-23,-0.8904027145707899,0.1664812824340325,-1.139808984397245,-0.7603656251581292,-0.8642579234254056,-0.7367887542301162,-0.6628267432969246,-0.41818231305916614,-0.48361056927105345,-0.5746409035222405,0
2020-09-24,-0.9188496940242857,-0.02868782630989903,-0.22767597222877894,-0.7539000509092124,-0.8600005573967886,-0.8904027145707899,-0.7367887542301162,-0.6628267432969246,-0.41818231305916614,-0.48361056927105345,0
2020-09-25,-0.8278193597730987,-0.1630999429405023,0.7260935218598524,-0.7517917170168426,-0.8535393778312638,-0.9188496940242857,-0.8904027145707899,-0.7367887542301162,-0.6628267432969246,-0.41818231305916614,1
2020-09-28,-0.7936827131371081,-0.18991448135923378,0.25982009049038934,-0.7478561541623375,-0.840817365168268,-0.8278193597730987,-0.9188496940242857,-0.8904027145707899,-0.7367887542301162,-0.6628267432969246,1
2020-09-29,-0.847732177567597,-0.22317808597993863,-0.41251936885313567,-0.7526350586164667,-0.828145437928126,-0.7936827131371081,-0.8278193597730987,-0.9188496940242857,-0.8904027145707899,-0.7367887542301162,0
2020-09-30,-0.944452043355381,0.22825654815819868,-0.7532405959136284,-0.7635984323892775,-0.81958061805972,-0.847732177567597,-0.7936827131371081,-0.8278193597730987,-0.9188496940242857,-0.8904027145707899,0
2020-10-01,-0.9814330488219769,-0.06093315731976598,-0.30232232471029924,-0.7713290123354003,-0.8136954339927698,-0.944452043355381,-0.847732177567597,-0.7936827131371081,-0.8278193597730987,-0.9188496940242857,0
2020-10-02,-0.924539089914985,-0.11014971517693133,0.46593675160106335,-0.7807462620763113,-0.8137956096151152,-0.9814330488219769,-0.944452043355381,-0.847732177567597,-0.7936827131371081,-0.8278193597730987,1
2020-10-05,-0.7481675460115146,-0.05618121380252243,1.4130275996741528,-0.7973318684984152,-0.8207075699279198,-0.924539089914985,-0.9814330488219769,-0.944452043355381,-0.847732177567597,-0.7936827131371081,1
2020-10-06,-0.7310994939853148,-0.22080211422131688,0.12415878422785633,-0.8022513187154312,-0.8222101708266402,-0.7481675460115146,-0.924539089914985,-0.9814330488219769,-0.944452043355381,-0.847732177567597,1
2020-10-07,-0.6173113048795354,-0.20009721746761283,0.8374864375654064,-0.8037974427473316,-0.8231618201323722,-0.7310994939853148,-0.7481675460115146,-0.924539089914985,-0.9814330488219769,-0.944452043355381,1
2020-10-08,-0.52343620486005,-0.14918353692571765,0.6592484385711548,-0.7945207454715385,-0.8205072282365027,-0.6173113048795354,-0.7310994939853148,-0.7481675460115146,-0.924539089914985,-0.9814330488219769,1
2020-10-09,-0.6116220446347341,-0.2605147850439951,-0.6024205069147075,-0.7855251598282098,-0.81629994763074,-0.52343620486005,-0.6173113048795354,-0.7310994939853148,-0.7481675460115146,-0.924539089914985,0
2020-10-12,-0.6798947953231244,-0.17022785821636766,-0.48316794239323585,-0.7862279288560269,-0.8125935308067931,-0.6116220446347341,-0.52343620486005,-0.6173113048795354,-0.7310994939853148,-0.7481675460115146,0
2020-10-13,-0.7310994939853148,-0.2255540577385604,-0.37304455482389254,-0.7929746214396381,-0.8100391097566322,-0.6798947953231244,-0.6116220446347341,-0.52343620486005,-0.6173113048795354,-0.7310994939853148,0
2020-10-14,-0.8164405679917004,-0.23336082208831768,-0.6329730267478973,-0.8021107595480842,-0.8072843422384179,-0.7310994939853148,-0.6798947953231244,-0.6116220446347341,-0.52343620486005,-0.6173113048795354,0
2020-10-15,-0.7310994939853148,-0.14918353692571765,0.650504368817036,-0.8037974293428719,-0.8074846887064713,-0.8164405679917004,-0.7310994939853148,-0.6798947953231244,-0.6116220446347341,-0.52343620486005,1
2020-10-16,-0.6742055350783229,-0.21163765172377572,0.4173540172816881,-0.806608552369748,-0.8059320047732148,-0.7310994939853148,-0.8164405679917004,-0.7310994939853148,-0.6798947953231244,-0.6116220446347341,1
2020-10-19,-0.7538570775481116,-0.2730734929109959,-0.5774219971652069,-0.8111063451914124,-0.8012238603856368,-0.6742055350783229,-0.7310994939853148,-0.8164405679917004,-0.7310994939853148,-0.6798947953231244,0
2020-10-20,-0.7623911035612114,-0.2805408327238072,-0.06639492869578646,-0.8208047132670179,-0.7992203909284642,-0.7538570775481116,-0.6742055350783229,-0.7310994939853148,-0.8164405679917004,-0.7310994939853148,0
2020-10-21,-0.7680806350978084,-0.19568469848731523,-0.04534193828693877,-0.8333141909650397,-0.7916072155891534,-0.7623911035612114,-0.7538570775481116,-0.6742055350783229,-0.7310994939853148,-0.8164405679917004,0
2020-10-22,-0.7026523788859211,-0.24320413365975074,0.48788821038204055,-0.8535542553114139,-0.7848956017444026,-0.7680806350978084,-0.7623911035612114,-0.7538570775481116,-0.6742055350783229,-0.7310994939853148,1
2020-10-23,-0.7367887542301162,-0.26832154939375236,-0.2519200839694624,-0.8757621010850407,-0.7769819090913299,-0.7026523788859211,-0.7680806350978084,-0.7623911035612114,-0.7538570775481116,-0.6742055350783229,0
2020-10-26,-0.8420426460310001,-0.18007116978780072,-0.7818534079130747,-0.8908015834752444,-0.7702202122120431,-0.7367887542301162,-0.7026523788859211,-0.7680806350978084,-0.7623911035612114,-0.7538570775481116,0
2020-10-27,-0.9302284858056842,-0.1220295739700402,-0.6853342476393914,-0.8903799193776621,-0.761605309309101,-0.8420426460310001,-0.7367887542301162,-0.7026523788859211,-0.7680806350978084,-0.7623911035612114,0
2020-10-28,-1.0326377474841673,-0.187538509600612,-0.8269665658066603,-0.8860226790211152,-0.7517382350100281,-0.9302284858056842,-0.8420426460310001,-0.7367887542301162,-0.7026523788859211,-0.7680806350978084,0
2020-10-29,-0.9785884186995761,-0.19127217950701766,0.4532890265674432,-0.885038778254144,-0.7472805249016758,-1.0326377474841673,-0.9302284858056842,-0.8420426460310001,-0.7367887542301162,-0.7026523788859211,1
2020-10-30,-1.0383271433748664,-0.17022785821636766,-0.49427991793181764,-0.8829304309573144,-0.7424221170805798,-0.9785884186995761,-1.0326377474841673,-0.9302284858056842,-0.8420426460310001,-0.7367887542301162,0
2020-11-02,-1.0155695598120698,-0.22928772764496605,0.18976919910400572,-0.8850387648496838,-0.7395671739400201,-1.0383271433748664,-0.9785884186995761,-1.0326377474841673,-0.9302284858056842,-0.8420426460310001,1
2020-11-03,-0.944452043355381,-0.2034914628370725,0.592502414483848,-0.8812437477580666,-0.7358106740815377,-1.0155695598120698,-1.0383271433748664,-0.9785884186995761,-1.0326377474841673,-0.9302284858056842,1
2020-11-04,-0.9842778145902753,-0.19262987765480152,-0.32536491056913586,-0.8728103987841267,-0.726594726997798,-0.944452043355381,-1.0155695598120698,-1.0383271433748664,-0.9785884186995761,-1.0326377474841673,0
2020-11-05,-1.026948351593468,0.018831608862536476,-0.3547743790605637,-0.8598792502862935,-0.7156257495127484,-0.9842778145902753,-0.944452043355381,-1.0155695598120698,-1.0383271433748664,-0.9785884186995761,0
2020-11-06,-0.972899022808877,-0.14137677257596037,0.4520646909890083,-0.8476508842207365,-0.6988968003237257,-1.026948351593468,-0.9842778145902753,-0.944452043355381,-1.0155695598120698,-1.0383271433748664,1
2020-11-09,-0.9160049282559873,-0.01714739205373612,0.46409738439607245,-0.831346396133327,-0.6748552002741086,-0.972899022808877,-1.026948351593468,-0.9842778145902753,-0.944452043355381,-1.0155695598120698,1
2020-11-10,-0.6713607693100244,0.33924837173953015,1.9535640242592895,-0.8102630035917887,-0.6555718324232426,-0.9160049282559873,-0.972899022808877,-1.026948351593468,-0.9842778145902753,-0.944452043355381,1
2020-11-11,-0.6429136542106307,-0.13594597998482488,0.2022192457543582,-0.7869307179905332,-0.6385924561199485,-0.6713607693100244,-0.9160049282559873,-0.972899022808877,-1.026948351593468,-0.9842778145902753,1
2020-11-12,-0.7965274789054065,-0.048374449452765166,-1.0971693068678752,-0.7589600804002662,-0.6192089174233739,-0.6429136542106307,-0.6713607693100244,-0.9160049282559873,-0.972899022808877,-1.026948351593468,0
2020-11-13,-0.6884288213362242,-0.18855678321144992,0.8176996160039791,-0.7374550237611457,-0.5980222557376803,-0.7965274789054065,-0.6429136542106307,-0.6713607693100244,-0.9160049282559873,-0.972899022808877,1
2020-11-16,-0.716875936435618,-0.15563260312769103,-0.20919561322185357,-0.713419955727614,-0.5784884559959066,-0.6884288213362242,-0.7965274789054065,-0.6429136542106307,-0.6713607693100244,-0.9160049282559873,0
2020-11-17,-0.6770500295548258,-0.19873951931982894,0.2895940354567607,-0.686573771369435,-0.5573017966985315,-0.716875936435618,-0.6884288213362242,-0.7965274789054065,-0.6429136542106307,-0.6713607693100244,1
2020-11-18,-0.5917092268402359,-0.09623330916214665,0.6136236030166252,-0.6635225906984147,-0.5363154862575281,-0.6770500295548258,-0.716875936435618,-0.6884288213362242,-0.7965274789054065,-0.6429136542106307,1
2020-11-19,-0.5063681528338502,-0.1909327549700717,0.5930331206559979,-0.6309136078213655,-0.5192860173664242,-0.5917092268402359,-0.6770500295548258,-0.716875936435618,-0.6884288213362242,-0.7965274789054065,1
2020-11-20,-0.45516345417165976,-0.2129953498715596,0.343153021229466,-0.5980235133118524,-0.5023066410631302,-0.5063681528338502,-0.5917092268402359,-0.6770500295548258,-0.716875936435618,-0.6884288213362242,1
2020-11-23,-0.40680352127776775,-0.23845219014250718,0.3177178193655263,-0.5600734027157453,-0.487831597998824,-0.45516345417165976,-0.5063681528338502,-0.5917092268402359,-0.6770500295548258,-0.716875936435618,1
2020-11-24,-0.41533754729086714,-0.0205416374231958,-0.05833525875947703,-0.5281672089732036,-0.4757607125511614,-0.40680352127776775,-0.45516345417165976,-0.5063681528338502,-0.5917092268402359,-0.6770500295548258,0
2020-11-25,-0.4580082199399582,-0.26323018133956283,-0.28144233796774387,-0.5083488221288707,-0.46228740182712336,-0.41533754729086714,-0.40680352127776775,-0.45516345417165976,-0.5063681528338502,-0.5917092268402359,0
2020-11-27,-0.4665422459530586,-0.27375234198488785,-0.059393524557851754,-0.4802376320734864,-0.4521698932488246,-0.4580082199399582,-0.41533754729086714,-0.40680352127776775,-0.45516345417165976,-0.5063681528338502,0
2020-11-30,-0.5433492939463443,-0.2523685961572919,-0.5139587097738367,-0.457748688071855,-0.4341386920174526,-0.4665422459530586,-0.4580082199399582,-0.41533754729086714,-0.40680352127776775,-0.45516345417165976,0
2020-12-01,-0.5518833199594437,-0.11014971517693133,-0.06124982499234615,-0.4384925244924519,-0.42211788960432617,-0.5433492939463443,-0.4665422459530586,-0.4580082199399582,-0.41533754729086714,-0.40680352127776775,0
2020-12-02,-0.4722317774896556,-0.23437909569915558,0.5447751424247458,-0.41895524257835437,-0.40994682853431874,-0.5518833199594437,-0.5433492939463443,-0.4665422459530586,-0.4580082199399582,-0.41533754729086714,1
2020-12-03,-0.4779210377344565,-0.24931377532477816,-0.040721317179907415,-0.3956229569770987,-0.3931677939224412,-0.4722317774896556,-0.5518833199594437,-0.5433492939463443,-0.4665422459530586,-0.4580082199399582,0
2020-12-04,-0.32430721303968113,-0.229966576718858,1.0239461669316345,-0.3732745587383546,-0.3765390227440815,-0.4779210377344565,-0.4722317774896556,-0.5518833199594437,-0.5433492939463443,-0.4665422459530586,1
2020-12-07,-0.36128835415217425,-0.28631104985188865,-0.23649554055510946,-0.353877835991604,-0.3551019267791614,-0.32430721303968113,-0.4779210377344565,-0.4722317774896556,-0.5518833199594437,-0.5433492939463443,0
2020-12-08,-0.20482976368909991,-0.15495375405379908,0.9991651161338871,-0.32843720309351876,-0.3363194274867482,-0.36128835415217425,-0.32430721303968113,-0.4779210377344565,-0.4722317774896556,-0.5518833199594437,1
2020-12-09,-0.27025801990098725,-0.0005155897433836933,-0.3994839345732546,-0.28627041801044234,-0.32079256427100145,-0.20482976368909991,-0.36128835415217425,-0.32430721303968113,-0.4779210377344565,-0.4722317774896556,0
2020-12-10,-0.27025801990098725,-0.1739615281227733,-0.002776399662175084,-0.25253699530576484,-0.30100833263831955,-0.27025801990098725,-0.20482976368909991,-0.36128835415217425,-0.32430721303968113,-0.4779210377344565,1
2020-12-11,-0.07397352255712081,-0.18516253784199024,1.2144195770021344,-0.22147412975838643,-0.28062306160147743,-0.27025801990098725,-0.27025801990098725,-0.20482976368909991,-0.36128835415217425,-0.32430721303968113,1
2020-12-14,-0.341375536357676,-0.13221231007841924,-1.555043880386137,-0.18591347809157432,-0.2589856215568221,-0.07397352255712081,-0.27025801990098725,-0.27025801990098725,-0.20482976368909991,-0.36128835415217425,0
2020-12-15,-0.2987048637085854,-0.23064542579274994,0.2685413698292667,-0.14627669099844948,-0.236346446783581,-0.341375536357676,-0.07397352255712081,-0.27025801990098725,-0.27025801990098725,-0.20482976368909991,1
2020-12-16,-0.3214624472713827,-0.28189853087159106,-0.14531014839883075,-0.11268381405665923,-0.20549306204350465,-0.2987048637085854,-0.341375536357676,-0.07397352255712081,-0.27025801990098725,-0.27025801990098725,0
2020-12-17,-0.20482976368909991,-0.22860887857107412,0.7335945642791364,-0.07557703835794621,-0.1757916683005774,-0.3214624472713827,-0.2987048637085854,-0.341375536357676,-0.07397352255712081,-0.27025801990098725,1
2020-12-18,-0.13940177876900764,0.18718617918773656,0.393929490340335,-0.030036913685293945,-0.14749269983402566,-0.20482976368909991,-0.3214624472713827,-0.2987048637085854,-0.341375536357676,-0.07397352255712081,1
2020-12-21,-0.11379942943791291,-0.13017576285674343,0.1490790888045464,-0.0023473877274913565,-0.11563758036536305,-0.13940177876900764,-0.20482976368909991,-0.3214624472713827,-0.2987048637085854,-0.341375536357676,1
2020-12-22,0.05972748434315678,-0.017826241127628057,1.017775964731048,0.032651040674391535,-0.07752162541091139,-0.11379942943791291,-0.13940177876900764,-0.20482976368909991,-0.3214624472713827,-0.2987048637085854,1
2020-12-23,0.4466066762024971,-0.001194438817275629,2.1493961469467115,0.05752943690308782,-0.03534865567253293,0.05972748434315678,-0.11379942943791291,-0.13940177876900764,-0.20482976368909991,-0.3214624472713827,1
2020-12-24,0.267390502176626,-0.022917609181817573,-0.8923860716409521,0.07453670742277355,0.0002629612662945252,0.4466066762024971,0.05972748434315678,-0.11379942943791291,-0.13940177876900764,-0.20482976368909991,0
2020-12-28,0.17067063638884206,-0.1990789438567749,-0.5080889537001629,0.092106201207389,0.029663832918822394,0.267390502176626,0.4466066762024971,0.05972748434315678,-0.11379942943791291,-0.13940177876900764,0
2020-12-29,0.2531669446269292,-0.19975779293066684,0.44079304100053096,0.08803007918553649,0.05390577943649291,0.17067063638884206,0.267390502176626,0.4466066762024971,0.05972748434315678,-0.11379942943791291,1
2020-12-30,0.25885647616352614,-0.21571074616712735,0.02707290780561434,0.11515738187840986,0.08290595815291397,0.2531669446269292,0.17067063638884206,0.267390502176626,0.4466066762024971,0.05972748434315678,1
2020-12-31,0.12800023503154703,-0.30531882392086285,-0.6881477239443708,0.12752630711131385,0.11686471553613956,0.25885647616352614,0.2531669446269292,0.17067063638884206,0.267390502176626,0.4466066762024971,0
2021-01-04,0.2787692939580244,-0.2605147850439951,0.8184493166638026,0.1442524592963051,0.14726731952893612,0.12800023503154703,0.25885647616352614,0.2531669446269292,0.17067063638884206,0.267390502176626,1
2021-01-05,0.4437619104341986,-0.2170684443149112,0.8563630732332769,0.1642114053079849,0.17842122158277443,0.2787692939580244,0.12800023503154703,0.25885647616352614,0.2531669446269292,0.17067063638884206,1
2021-01-06,0.2360988926007294,0.09146845976897361,-1.0344099531193822,0.1800942292978122,0.2070207073630881,0.4437619104341986,0.2787692939580244,0.12800023503154703,0.25885647616352614,0.2531669446269292,0
2021-01-07,0.34704204464641464,-0.240488737364183,0.5822079970808485,0.20792431442296228,0.23116248303505008,0.2360988926007294,0.4437619104341986,0.2787692939580244,0.12800023503154703,0.25885647616352614,1
2021-01-08,0.2986821117525227,-0.27069752115237417,-0.2496717897400351,0.2229637968131659,0.25971188100419135,0.34704204464641464,0.2360988926007294,0.4437619104341986,0.2787692939580244,0.12800023503154703,0
2021-01-11,0.07395077060105858,-0.10709489434441762,-1.1662195353591795,0.20806486018584952,0.28260148528002255,0.2986821117525227,0.34704204464641464,0.2360988926007294,0.4437619104341986,0.2787692939580244,0
2021-01-12,0.08532956238245645,-0.09317848832963294,0.06024316287940044,0.20876764261812625,0.3031871027849186,0.07395077060105858,0.2986821117525227,0.34704204464641464,0.2360988926007294,0.4437619104341986,1
2021-01-13,-0.15646983079520793,-0.042264807787737745,-1.337227110131546,0.21157875894277284,0.32757930795946955,0.08532956238245645,0.07395077060105858,0.2986821117525227,0.34704204464641464,0.2360988926007294,0
2021-01-14,0.20765177750133565,-0.055502364728630495,2.1692713863367774,0.20876764261812625,0.3518212544771401,-0.15646983079520793,0.08532956238245645,0.07395077060105858,0.2986821117525227,0.34704204464641464,1
2021-01-15,-0.04837117322602557,-0.15936627303409667,-1.364192065712276,0.2111570948451906,0.38177308249929315,0.20765177750133565,-0.15646983079520793,0.08532956238245645,0.07395077060105858,0.2986821117525227,0
2021-01-19,0.017056811694066195,-0.18719908506366603,0.37389383301358037,0.24011161309573886,0.40290965637381443,-0.04837117322602557,0.20765177750133565,-0.15646983079520793,0.08532956238245645,0.07395077060105858,1
2021-01-20,0.19911775148823577,-0.06840049713257727,1.0236732393343095,0.25950833584248945,0.4243467523387339,0.017056811694066195,-0.04837117322602557,0.20765177750133565,-0.15646983079520793,0.08532956238245645,1
2021-01-21,0.18204942817024042,-0.08944481842322728,-0.09376965021138457,0.2703311504479533,0.44979077766472597,0.19911775148823577,0.017056811694066195,-0.04837117322602557,0.20765177750133565,-0.15646983079520793,0
2021-01-22,0.4494514419707956,0.06635104403497198,1.4300859389008267,0.29942622786584905,0.47573567154917024,0.18204942817024042,0.19911775148823577,0.017056811694066195,-0.04837117322602557,0.20765177750133565,1
2021-01-25,0.36411036796441,0.7183855795081763,-0.4260650922565259,0.3385007916940442,0.5127998063521819,0.4494514419707956,0.18204942817024042,0.19911775148823577,0.017056811694066195,-0.04837117322602557,0
2021-01-26,0.14506828705774732,0.09384443152759539,-1.1156300134267096,0.39402038937253664,0.5449554455229246,0.36411036796441,0.4494514419707956,0.18204942817024042,0.19911775148823577,0.017056811694066195,0
2021-01-27,0.28161405972632286,0.06533277042413407,0.7371193980056528,0.4450422009315943,0.5791145541508405,0.14506828705774732,0.36411036796441,0.4494514419707956,0.18204942817024042,0.19911775148823577,1
2021-01-28,0.22756459529583392,-0.1654759146991241,-0.2839859008354721,0.4901606615066648,0.6159282498979889,0.28161405972632286,0.14506828705774732,0.36411036796441,0.4494514419707956,0.18204942817024042,0
2021-01-29,0.1962729857199373,-0.19432700033953137,-0.1681891090831261,0.5341546755518765,0.6452790337393449,0.22756459529583392,0.28161405972632286,0.14506828705774732,0.36411036796441,0.4494514419707956,0
2021-02-01,0.3072164090574181,-0.25576284152675155,0.5891794885478577,0.5659203235315315,0.6824433441647014,0.1962729857199373,0.22756459529583392,0.28161405972632286,0.14506828705774732,0.36411036796441,1
2021-02-02,0.7140084187112572,-0.05448409111779259,2.0979977446894655,0.6295921652537285,0.7143485442795815,0.3072164090574181,0.1962729857199373,0.22756459529583392,0.28161405972632286,0.14506828705774732,1
2021-02-03,0.6713380173539611,-0.027330128162115157,-0.19991539493434068,0.6786461886833035,0.7438996745889909,0.7140084187112572,0.3072164090574181,0.1962729857199373,0.22756459529583392,0.28161405972632286,0
2021-02-04,0.6628039913408618,-0.19704239663509912,-0.042644642316684855,0.722780748491403,0.7743523663929599,0.6713380173539611,0.7140084187112572,0.3072164090574181,0.1962729857199373,0.22756459529583392,0
2021-02-05,0.8249518420487375,-0.1464681406301499,0.7564237012312992,0.7648069744071324,0.7950381595202014,0.6628039913408618,0.6713380173539611,0.7140084187112572,0.3072164090574181,0.1962729857199373,1
2021-02-08,1.1378690229748862,-0.013074297610384505,1.4025255164722705,0.7853281436837414,0.8105650275125844,0.8249518420487375,0.6628039913408618,0.6713380173539611,0.7140084187112572,0.3072164090574181,1
2021-02-09,1.4223388175098457,0.19804776437000754,1.1814556867616215,0.8249649173724061,0.8222352200241396,1.1378690229748862,0.8249518420487375,0.6628039913408618,0.6713380173539611,0.7140084187112572,1
2021-02-10,1.106577142107194,0.03478456209899697,-1.2354257185954947,0.8619311339037715,0.8252905048561164,1.4223388175098457,1.1378690229748862,0.8249518420487375,0.6628039913408618,0.6713380173539611,0
2021-02-11,0.9984784845380121,-0.2686609739306983,-0.45609627682996,0.8852634195050272,0.8330038510411357,1.106577142107194,1.4223388175098457,1.1378690229748862,0.8249518420487375,0.6628039913408618,0
2021-02-12,0.7339215077975506,-0.02325703371876354,-1.1411513356722331,0.9198401838093283,0.8431213596194345,0.9984784845380121,1.106577142107194,1.4223388175098457,1.1378690229748862,0.8249518420487375,0
2021-02-16,0.8505541913798328,-0.22080211422131688,0.5333059839602952,0.9551197305459063,0.8591490913936334,0.7339215077975506,0.9984784845380121,1.106577142107194,1.4223388175098457,1.1378690229748862,1
2021-02-17,1.240278149007471,-0.07145531796509098,1.7362509927256362,0.9971459564616357,0.8759782090400471,0.8505541913798328,0.7339215077975506,0.9984784845380121,1.106577142107194,1.4223388175098457,1
2021-02-18,1.00985727631941,-0.08706884666460551,-0.9396113621087475,0.9939131760394069,0.8945102740532345,1.240278149007471,0.8505541913798328,0.7339215077975506,0.9984784845380121,1.106577142107194,0
2021-02-19,1.0923535845574968,-0.21469247255628943,0.35122905769456336,0.9975676339636776,0.9050284755676405,1.00985727631941,1.240278149007471,0.8505541913798328,0.7339215077975506,0.9984784845380121,1
2021-02-22,1.032614859882207,-0.17464037719666523,-0.2541359197193953,1.0126071163538808,0.9109887913513495,1.0923535845574968,1.00985727631941,1.240278149007471,0.8505541913798328,0.7339215077975506,0
2021-02-23,0.8647777489295302,-0.2034914628370725,-0.7190713024787482,1.0286304995110556,0.9213066416210659,1.032614859882207,1.0923535845574968,1.00985727631941,1.240278149007471,0.8505541913798328,0
2021-02-24,1.1663158667824844,-0.26017536050704915,1.337976497805531,1.058568918528575,0.9287194704923227,0.8647777489295302,1.032614859882207,1.0923535845574968,1.00985727631941,1.240278149007471,1
2021-02-25,0.8932245927371278,-0.19941836839372087,-1.132141272380486,1.0684078457715278,0.9354811721482459,1.1663158667824844,0.8647777489295302,1.032614859882207,1.0923535845574968,1.00985727631941,0
2021-02-26,0.7538343255920488,-0.23675506745777736,-0.6181937849803857,1.0962379308966774,0.9459492858514795,0.8932245927371278,1.1663158667824844,0.8647777489295302,1.032614859882207,1.0923535845574968,0
2021-03-01,0.9273609680813234,-0.272394643837104,0.7907371678128697,1.1368585919478535,0.9571687023923917,0.7538343255920488,0.8932245927371278,1.1663158667824844,0.8647777489295302,1.032614859882207,1
2021-03-02,0.9102929160551232,-0.2184261424626951,-0.07750151570511175,1.1793064819611647,0.9730962585442459,0.9273609680813234,0.7538343255920488,0.8932245927371278,1.1663158667824844,0.8647777489295302,0
2021-03-03,1.1577818407693845,0.022565278768942123,1.085306249867219,1.2247060608709297,0.9776040564637706,0.9102929160551232,0.9273609680813234,0.7538343255920488,0.8932245927371278,1.1663158667824844,1
2021-03-04,0.6485804337911649,0.03580283570983487,-2.112746555591334,1.238199419229233,0.9866196523028194,1.1577818407693845,0.9102929160551232,0.9273609680813234,0.7538343255920488,0.8932245927371278,0
2021-03-05,0.7453002995789484,0.6090908786115746,0.4517776167618423,1.2553472489162663,0.9989409720297084,0.6485804337911649,1.1577818407693845,0.9102929160551232,0.9273609680813234,0.7538343255920488,1
2021-03-08,0.9671868749621151,0.2577864828724979,1.0141056218475561,1.2767117597924988,1.0088080415521445,0.7453002995789484,0.6485804337911649,1.1577818407693845,0.9102929160551232,0.9273609680813234,1
2021-03-09,1.149247814756285,0.08603766717783812,0.7865818187376525,1.2768523189598464,1.019326243066551,0.9671868749621151,0.7453002995789484,0.6485804337911649,1.1577818407693845,0.9102929160551232,1
2021-03-10,1.7437902957408897,0.2621990018527955,2.465714790982699,1.272073414505717,1.023783953174903,1.149247814756285,0.9671868749621151,0.7453002995789484,0.6485804337911649,1.1577818407693845,1
2021-03-11,1.6214680806220105,0.2479431713010648,-0.44889989454006124,1.2501466937690149,1.0308962599557614,1.7437902957408897,1.149247814756285,0.9671868749621151,0.7453002995789484,0.6485804337911649,0
2021-03-12,1.6698280135159025,-0.1919510285809096,0.17812308021988543,1.236653322006252,1.0398116897257386,1.6214680806220105,1.7437902957408897,1.149247814756285,0.9671868749621151,0.7453002995789484,1
2021-03-15,1.8205968011505844,-0.1865202359897741,0.5555396667368948,1.2342638697791877,1.046322957102436,1.6698280135159025,1.6214680806220105,1.7437902957408897,1.149247814756285,0.9671868749621151,1
2021-03-16,1.5930209655226168,-0.28427450263021287,-0.8199373001722494,1.2252682975403193,1.052032838606919,1.8205968011505844,1.6698280135159025,1.6214680806220105,1.7437902957408897,1.149247814756285,0
2021-03-17,1.769392645071985,-0.18176829247253054,0.660935350593262,1.2377777685361109,1.059295404044658,1.5930209655226168,1.8205968011505844,1.6698280135159025,1.6214680806220105,1.7437902957408897,1
2021-03-18,1.5133691517610326,-0.19466642487647734,-0.9316608921212141,1.2405888848607571,1.0606477415098605,1.769392645071985,1.5930209655226168,1.8205968011505844,1.6698280135159025,1.6214680806220105,0
2021-03-19,1.3569108325897543,0.1814159620596551,-0.6016158926801013,1.2668728459540062,1.0539361276651098,1.5133691517610326,1.769392645071985,1.5930209655226168,1.8205968011505844,1.6698280135159025,0
2021-03-22,1.5247482148342266,-0.1569903012754749,0.6619354689969859,1.273338420202923,1.047474948099585,1.3569108325897543,1.5133691517610326,1.769392645071985,1.5930209655226168,1.8205968011505844,1
2021-03-23,1.0354596256505053,1.4926129482819293,-1.8709515098899898,1.264202288796707,1.0378583080797386,1.5247482148342266,1.3569108325897543,1.5133691517610326,1.769392645071985,1.5930209655226168,0
2021-03-24,0.7680578831417457,0.0035575046999679217,-1.1432166919789886,1.2480383464721854,1.0255369883528496,1.0354596256505053,1.5247482148342266,1.3569108325897543,1.5133691517610326,1.769392645071985,0
2021-03-25,0.7225427160161527,0.3103972860991229,-0.21015471852041495,1.1998276512377737,1.0071050941853708,0.7680578831417457,1.0354596256505053,1.5247482148342266,1.3569108325897543,1.5133691517610326,0
2021-03-26,0.6201333186917712,-0.2184261424626951,-0.4748682884058441,1.1534441849654977,0.9823121960747119,0.7225427160161527,0.7680578831417457,1.0354596256505053,1.5247482148342266,1.3569108325897543,0
2021-03-29,0.7054743926981568,0.27272116249812045,0.40133004385820764,1.1039684840338804,0.9647818634017926,0.6201333186917712,0.7225427160161527,0.7680578831417457,1.0354596256505053,1.5247482148342266,1
2021-03-30,0.7453002995789484,-0.11727763045279666,0.18162858643805727,1.0497139054570541,0.9502567325263139,0.7054743926981568,0.6201333186917712,0.7225427160161527,0.7680578831417457,1.0354596256505053,1
2021-03-31,1.1634711010141854,0.051755788946295365,1.9136548633175559,1.0079687844715592,0.9405399168841226,0.7453002995789484,0.7054743926981568,0.6201333186917712,0.7225427160161527,0.7680578831417457,1
2021-04-01,1.2146757996763768,0.09180788430591957,0.2091196408878771,0.9434535877452784,0.928769548750222,1.1634711010141854,0.7453002995789484,0.7054743926981568,0.6201333186917712,0.7225427160161527,1
2021-04-05,1.1805394243321812,0.6905527674786069,-0.1423813766267519,0.8915884479910567,0.9098367908009273,1.2146757996763768,1.1634711010141854,0.7453002995789484,0.7054743926981568,0.6201333186917712,0
2021-04-06,0.8761565407109281,0.21400071760646802,-1.2574092679832987,0.8599633591787492,0.8929074975321687,1.1805394243321812,1.2146757996763768,1.1634711010141854,0.7453002995789484,0.7054743926981568,0
2021-04-07,0.7822814406914426,-0.025972430014331287,-0.41899994253936534,0.8221538010477595,0.874175086050928,0.8761565407109281,1.1805394243321812,1.2146757996763768,1.1634711010141854,0.7453002995789484,0
2021-04-08,0.8221070762804391,-0.012395448536492569,0.1780220377412814,0.8095037708846207,0.8574461440268597,0.7822814406914426,0.8761565407109281,1.1805394243321812,1.2146757996763768,1.1634711010141854,1
2021-04-09,0.7680578831417457,-0.17837404710307087,-0.24568375312100793,0.8062709770579322,0.8443234336511197,0.8221070762804391,0.7822814406914426,0.8761565407109281,1.1805394243321812,1.2146757996763768,0
2021-04-12,0.68271680913536,0.036481684783726806,-0.3916113655575215,0.8085198701176496,0.8226859959947831,0.7680578831417457,0.8221070762804391,0.7822814406914426,0.8761565407109281,1.1805394243321812,0
2021-04-13,0.6684932515856632,-0.06975819528036115,-0.06902684806371837,0.8100659941495499,0.8057567027260245,0.68271680913536,0.7680578831417457,0.8221070762804391,0.7822814406914426,0.8761565407109281,0
2021-04-14,0.7225427160161527,-0.1695490091424757,0.24991372571680956,0.8073954369922508,0.7960899748950051,0.6684932515856632,0.68271680913536,0.7680578831417457,0.8221070762804391,0.7822814406914426,1
2021-04-15,0.7481447940554519,-0.1335700082262031,0.11524532190944471,0.797837628083993,0.7807634581473123,0.7225427160161527,0.6684932515856632,0.68271680913536,0.7680578831417457,0.8221070762804391,1
2021-04-16,0.4636747282286969,0.0008421084044001784,-1.3055195167895381,0.7704292204608848,0.7609291387034579,0.7481447940554519,0.7225427160161527,0.6684932515856632,0.68271680913536,0.7680578831417457,0
2021-04-19,0.4636747282286969,-0.10811316795525552,-0.002776399662175084,0.7293868819076668,0.7345835518829064,0.4636747282286969,0.7481447940554519,0.7225427160161527,0.6684932515856632,0.68271680913536,1
2021-04-20,0.7168531844795557,0.0683875912566478,1.2480319986623651,0.687501201754825,0.7170532192099871,0.4636747282286969,0.4636747282286969,0.7481447940554519,0.7225427160161527,0.6684932515856632,1
2021-04-21,0.7595235858368502,-0.12067187582225633,0.1942174236596626,0.6592494525320932,0.697469334045359,0.7168531844795557,0.4636747282286969,0.4636747282286969,0.7481447940554519,0.7225427160161527,1
2021-04-22,0.7794366749231441,-0.17056728275331362,0.08815078884342706,0.6263593580225797,0.6801393478404932,0.7595235858368502,0.7168531844795557,0.4636747282286969,0.4636747282286969,0.7481447940554519,1
2021-04-23,0.7026296269298583,-0.20790398181737008,-0.351713887611263,0.591923152885626,0.6582514711282939,0.7794366749231441,0.7595235858368502,0.7168531844795557,0.4636747282286969,0.4636747282286969,0
2021-04-26,0.7680578831417457,0.016455637103914702,0.300398474873651,0.5584708351111832,0.6247434897157118,0.7026296269298583,0.7794366749231441,0.7595235858368502,0.7168531844795557,0.4636747282286969,1
2021-04-27,0.651425199559464,-0.12169014943309424,-0.5341836507544914,0.5254401814343228,0.5936897585075815,0.7680578831417457,0.7026296269298583,0.7794366749231441,0.7595235858368502,0.7168531844795557,0
2021-04-28,0.651425199559464,-0.27069752115237417,-0.002776399662175084,0.4978912146438677,0.561433943714494,0.651425199559464,0.7680578831417457,0.7026296269298583,0.7794366749231441,0.7595235858368502,1
2021-04-29,0.551860568003381,-0.177016348955287,-0.4703494393149324,0.4707639119509943,0.5334855899261497,0.651425199559464,0.651425199559464,0.7680578831417457,0.7026296269298583,0.7794366749231441,0
2021-04-30,0.6087545269103729,-0.13764310266955473,0.2716010729296075,0.4427932810629575,0.5091935603739436,0.551860568003381,0.651425199559464,0.651425199559464,0.7680578831417457,0.7026296269298583,1
2021-05-03,0.38402318575890826,-0.09894870545771438,-1.0701473221954407,0.4288782452026123,0.48455091614352946,0.6087545269103729,0.551860568003381,0.651425199559464,0.651425199559464,0.7680578831417457,0
2021-05-04,0.3328184870967178,-0.16717303738385395,-0.26145689708141984,0.4141198811471037,0.4647666892874844,0.38402318575890826,0.6087545269103729,0.551860568003381,0.651425199559464,0.651425199559464,0
2021-05-05,0.30437164328911964,-0.21265592533461364,-0.14860183992568723,0.3810892274702432,0.4434297689449097,0.3328184870967178,0.38402318575890826,0.6087545269103729,0.551860568003381,0.651425199559464,0
2021-05-06,0.11662144325014866,-0.1529172068321233,-0.9731640309328192,0.34496635253850133,0.4191878224272392,0.30437164328911964,0.3328184870967178,0.38402318575890826,0.6087545269103729,0.551860568003381,0
2021-05-07,0.12515546926324855,-0.09589388462520067,0.04386979100995993,0.3105301474015471,0.40376113005720154,0.11662144325014866,0.30437164328911964,0.3328184870967178,0.38402318575890826,0.6087545269103729,1
2021-05-10,0.09101909391905343,-0.11761705498974262,-0.1888759028113856,0.2817161749138861,0.39374379710124713,0.12515546926324855,0.11662144325014866,0.30437164328911964,0.3328184870967178,0.38402318575890826,0
2021-05-11,0.01421204592576771,-0.10675546980747165,-0.4259167644976226,0.24067383636066808,0.3840269814590558,0.09101909391905343,0.12515546926324855,0.11662144325014866,0.30437164328911964,0.3328184870967178,0
2021-05-12,0.11093191171355168,0.10063292226651474,0.543015754778755,0.20511317128939574,0.3749612978088339,0.01421204592576771,0.09101909391905343,0.12515546926324855,0.11662144325014866,0.30437164328911964,1
2021-05-13,0.17351540215714004,-0.2055280100587483,0.33989665078320686,0.18304587798088634,0.36609596062666544,0.11093191171355168,0.01421204592576771,0.09101909391905343,0.12515546926324855,0.11662144325014866,1
2021-05-14,0.18204942817024042,-0.1250843948025539,0.0430703712005034,0.1585891458497723,0.35582819339148575,0.17351540215714004,0.11093191171355168,0.01421204592576771,0.09101909391905343,0.12515546926324855,1
2021-05-17,0.18204942817024042,-0.29377838966469993,-0.002776399662175084,0.11782792563124873,0.336544830317256,0.18204942817024042,0.17351540215714004,0.11093191171355168,0.01421204592576771,0.09101909391905343,1
2021-05-18,0.16498137614404065,-0.13594597998482488,-0.09423483183096461,0.08212671479708913,0.3214687430721528,0.18204942817024042,0.18204942817024042,0.17351540215714004,0.11093191171355168,0.01421204592576771,0
2021-05-19,0.04834842126996284,-0.1094708661030394,-0.6309706169595355,0.04853385125975912,0.3031370245270188,0.16498137614404065,0.18204942817024042,0.18204942817024042,0.17351540215714004,0.11093191171355168,0
2021-05-20,0.02843560347546457,0.0069517500694276,-0.11394410216372766,0.015362651820010837,0.28570686269980805,0.04834842126996284,0.16498137614404065,0.18204942817024042,0.18204942817024042,0.17351540215714004,0
2021-05-21,0.08248506790595403,-0.21435304801934346,0.30085931620752404,0.008756518403747006,0.2705305998323594,0.02843560347546457,0.04834842126996284,0.16498137614404065,0.18204942817024042,0.18204942817024042,1
2021-05-24,0.11946593772665158,0.11964069633548895,0.2014946848498196,-0.0020662962017168316,0.2546030436805059,0.08248506790595403,0.02843560347546457,0.04834842126996284,0.16498137614404065,0.18204942817024042,1
2021-05-25,-0.06259473077572243,0.011024844512779216,-0.9970362703027889,-0.014435221434621344,0.23762366260057494,0.11946593772665158,0.08248506790595403,0.02843560347546457,0.04834842126996284,0.16498137614404065,0
2021-05-26,-0.0682842623123189,0.0028786556260759857,-0.035682231168235004,-0.022165787976283897,0.2259534700890192,-0.06259473077572243,0.11946593772665158,0.08248506790595403,0.02843560347546457,0.04834842126996284,0
2021-05-27,0.20480701173303717,0.6196130392568997,1.5795869812048426,-0.03565915973904684,0.2137824090190118,-0.0682842623123189,-0.06259473077572243,0.11946593772665158,0.08248506790595403,0.02843560347546457,1
2021-05-28,0.05688271857485829,0.35961384395628826,-0.7900394543161829,-0.032707484247053276,0.19840579968350974,0.20480701173303717,-0.0682842623123189,-0.06259473077572243,0.11946593772665158,0.08248506790595403,0
2021-06-01,-0.21620855547049828,0.1624081879906809,-1.5233066794188743,-0.03116136021515237,0.1816768576594415,0.05688271857485829,0.20480701173303717,-0.0682842623123189,-0.06259473077572243,0.11946593772665158,0
2021-06-02,-0.33853077058937747,0.29715972915823013,-0.7473262028849811,-0.021884669641589437,0.16960597221177892,-0.21620855547049828,0.05688271857485829,0.20480701173303717,-0.0682842623123189,-0.06259473077572243,0
2021-06-03,-0.3470647966024774,0.1624081879906809,-0.0569842847350076,-0.010780750105890847,0.15883734119478277,-0.33853077058937747,-0.21620855547049828,0.05688271857485829,0.20480701173303717,-0.0682842623123189,0
2021-06-04,-0.3669776143969757,0.05039809079851149,-0.1296476627561662,-0.006001845651762149,0.14811879321232327,-0.3470647966024774,-0.33853077058937747,-0.21620855547049828,0.05688271857485829,0.20480701173303717,0
2021-06-07,-0.017079563650128932,0.33653297544396243,2.2425143538861105,-9.849466777450031e-05,0.13694946925921972,-0.3669776143969757,-0.3470647966024774,-0.33853077058937747,-0.21620855547049828,0.05688271857485829,1
2021-06-08,-0.09388661164341464,0.10029349772956878,-0.4405343451396274,0.0036965090193830305,0.12252450922944969,-0.017079563650128932,-0.3669776143969757,-0.3470647966024774,-0.33853077058937747,-0.21620855547049828,0
2021-06-09,-0.1593145965635064,0.0028786556260759857,-0.3850633650075178,0.007632085278348283,0.10769885626357284,-0.09388661164341464,-0.017079563650128932,-0.3669776143969757,-0.3470647966024774,-0.33853077058937747,0
2021-06-10,-0.14224627324551106,-0.11490165869417487,0.09913604293643564,0.019157668911628598,0.09297337414340398,-0.1593145965635064,-0.09388661164341464,-0.017079563650128932,-0.3669776143969757,-0.3470647966024774,1
2021-06-11,-0.1621593623318049,0.048700968113781655,-0.1209989571385586,0.02773159045737558,0.08015118585806283,-0.14224627324551106,-0.1593145965635064,-0.09388661164341464,-0.017079563650128932,-0.3669776143969757,0
2021-06-14,0.2332541268324309,0.3962716939464528,2.360429983005482,0.027591044694487792,0.06888168628261444,-0.1621593623318049,-0.14224627324551106,-0.1593145965635064,-0.09388661164341464,-0.017079563650128932,1
2021-06-15,0.21334130903793264,0.14373983845865265,-0.1078616889027345,0.03279161324619873,0.059815997855756274,0.2332541268324309,-0.1621593623318049,-0.14224627324551106,-0.1593145965635064,-0.09388661164341464,0
2021-06-16,0.3697996282092114,-0.09894870545771438,0.8277900732038687,0.04684720827389089,0.04729433166081393,0.21334130903793264,0.2332541268324309,-0.1621593623318049,-0.14224627324551106,-0.1593145965635064,1
2021-06-17,0.3897127172955047,-0.08740827120155148,0.09822928733105465,0.08128341341084509,0.039580985475795125,0.3697996282092114,0.21334130903793264,0.2332541268324309,-0.1621593623318049,-0.14224627324551106,1
2021-06-18,0.14506828705774732,-0.13221231007841924,-1.2367044651366728,0.10531848144437689,0.031667292822722355,0.3897127172955047,0.3697996282092114,0.21334130903793264,0.2332541268324309,-0.1621593623318049,0
2021-06-21,0.1479130528260458,-0.21571074616712735,0.012638433006590628,0.11782795244016867,0.023903858826530566,0.14506828705774732,0.3897127172955047,0.3697996282092114,0.21334130903793264,0.2332541268324309,1
2021-06-22,0.15929184460744367,-0.24388298273364267,0.05882821462441046,0.11473571778082761,0.022050652802875288,0.1479130528260458,0.14506828705774732,0.3897127172955047,0.3697996282092114,0.21334130903793264,1
2021-06-23,0.19911775148823577,-0.21231650079766767,0.2120982586298324,0.11529795445021705,0.01754285488335112,0.15929184460744367,0.1479130528260458,0.14506828705774732,0.3897127172955047,0.3697996282092114,1
2021-06-24,0.17067063638884206,-0.17667692441834104,-0.15443133514797266,0.11347072548808192,0.014737999553963843,0.19911775148823577,0.15929184460744367,0.1479130528260458,0.14506828705774732,0.3897127172955047,0
2021-06-25,0.10524265146874978,0.13661192318278734,-0.3545721987049071,0.12148241036443894,0.01583990751657682,0.17067063638884206,0.19911775148823577,0.15929184460744367,0.1479130528260458,0.14506828705774732,0
2021-06-28,0.20196251725653425,-0.17362210358582733,0.5277354539298216,0.12836964871093803,0.011832973378868012,0.10524265146874978,0.17067063638884206,0.19911775148823577,0.15929184460744367,0.1479130528260458,1
2021-06-29,0.16213661037574215,-0.07315244064982082,-0.2149126280100429,0.1093945900617697,0.006924477746599629,0.20196251725653425,0.10524265146874978,0.17067063638884206,0.19911775148823577,0.15929184460744367,0
2021-06-30,0.06826151035625667,-0.23607621838388543,-0.5088297944402723,0.08887342078516068,0.002116157736676094,0.16213661037574215,0.20196251725653425,0.10524265146874978,0.17067063638884206,0.19911775148823577,0
2021-07-01,0.3584208364278135,-0.028008977236007093,1.6070673729006055,0.059637784199917415,-0.004795802576128546,0.06826151035625667,0.16213661037574215,0.20196251725653425,0.10524265146874978,0.17067063638884206,1
2021-07-02,0.1393790268129454,-0.14816526331487972,-1.1174352548143185,0.033072704771973785,-0.01326045159882595,0.3584208364278135,0.06826151035625667,0.16213661037574215,0.20196251725653425,0.10524265146874978,0
2021-07-06,-0.11379942943791291,0.051755788946295365,-1.3770411431910143,0.03124547580983865,-0.018519547579392417,0.1393790268129454,0.3584208364278135,0.06826151035625667,0.16213661037574215,0.20196251725653425,0
2021-07-07,-0.07966305409371778,-0.2224992369060467,0.1979876075470228,0.030121029279979696,-0.026583498889346163,-0.11379942943791291,0.1393790268129454,0.3584208364278135,0.06826151035625667,0.16213661037574215,1
2021-07-08,-0.0825075485702207,-0.2489743507878322,-0.019319312958644613,0.020282115441487024,-0.034096498606311566,-0.07966305409371778,-0.11379942943791291,0.1393790268129454,0.3584208364278135,0.06826151035625667,0
2021-07-09,-0.19629573767600003,-0.1485046878518257,-0.6651562504075627,0.003555949852036063,-0.04145923488975914,-0.0825075485702207,-0.07966305409371778,-0.11379942943791291,0.1393790268129454,0.3584208364278135,0
2021-07-12,0.01990157746236468,-0.06364855361533373,1.304288624828733,-0.008250752115939236,-0.04251105504120025,-0.19629573767600003,-0.0825075485702207,-0.07966305409371778,-0.11379942943791291,0.1393790268129454,1
2021-07-13,-0.0227690951867259,-0.1865202359897741,-0.24313516754440037,-0.017246337759267937,-0.03920533592999706,0.01990157746236468,-0.19629573767600003,-0.0825075485702207,-0.07966305409371778,-0.11379942943791291,0
2021-07-14,-0.15078057055040653,-0.22962715218191201,-0.7337004124116161,-0.026663587500178363,-0.042911747977307055,-0.0227690951867259,0.01990157746236468,-0.19629573767600003,-0.0825075485702207,-0.07966305409371778,0
2021-07-15,-0.2019849979208009,-0.19161160404396363,-0.3076394582142757,-0.03284805681886047,-0.043863397283039056,-0.15078057055040653,-0.0227690951867259,0.01990157746236468,-0.19629573767600003,-0.0825075485702207,0
2021-07-16,-0.22189808700709526,-0.28868702161051046,-0.12339767604337819,-0.041281419197259965,-0.03980638011079468,-0.2019849979208009,-0.15078057055040653,-0.0227690951867259,0.01990157746236468,-0.19629573767600003,0
2021-07-19,-0.14793580478210802,-0.27103694568932013,0.4482924633171022,-0.06166202930652149,-0.03314485407721587,-0.22189808700709526,-0.2019849979208009,-0.15078057055040653,-0.0227690951867259,0.01990157746236468,1
2021-07-20,0.1080871459452532,-0.08740827120155148,1.5200974816366706,-0.07431207287412046,-0.025331337046488503,-0.14793580478210802,-0.22189808700709526,-0.2019849979208009,-0.15078057055040653,-0.0227690951867259,1
2021-07-21,0.12515546926324855,-0.1939875758025854,0.09076212188815135,-0.07543651940397889,-0.013060105130771988,0.1080871459452532,-0.14793580478210802,-0.22189808700709526,-0.2019849979208009,-0.15078057055040653,1
2021-07-22,-0.03983714721292619,-0.2785042855021314,-0.9022580710437157,-0.07093871988008495,0.0017655478351048597,0.12515546926324855,0.1080871459452532,-0.14793580478210802,-0.22189808700709526,-0.2019849979208009,0
2021-07-23,-0.13940177876900764,-0.26933982300459025,-0.5743972983909265,-0.0733281721071493,0.015389121992660739,-0.03983714721292619,0.12515546926324855,0.1080871459452532,-0.14793580478210802,-0.22189808700709526,0
2021-07-26,-0.0682842623123189,-0.2686609739306983,0.4190436864716459,-0.06700315702557992,0.023653419770667886,-0.13940177876900764,-0.03983714721292619,0.12515546926324855,0.1080871459452532,-0.14793580478210802,1
2021-07-27,-0.0768182883254193,-0.2374339165316693,-0.05222481320706852,-0.06419204070093333,0.031767458891794054,-0.0682842623123189,-0.13940177876900764,-0.03983714721292619,0.12515546926324855,0.1080871459452532,0
2021-07-28,0.011367551449265295,-0.2730734929109959,0.509616450063207,-0.06883038598771506,0.03958098069915827,-0.0768182883254193,-0.0682842623123189,-0.13940177876900764,-0.03983714721292619,0.12515546926324855,1
2021-07-29,0.036969629488564464,-0.2903841442952403,0.14182678981836708,-0.06658149292799767,0.03933054641993188,0.011367551449265295,-0.0768182883254193,-0.0682842623123189,-0.13940177876900764,-0.03983714721292619,1
2021-07-30,-0.10242063765651453,-0.32330832437899915,-0.7837350307471013,-0.06109981944605198,0.03632534462249121,0.036969629488564464,0.011367551449265295,-0.0768182883254193,-0.0682842623123189,-0.13940177876900764,0
2021-08-02,-0.05406070476262254,-0.3188958053987016,0.2805764394287793,-0.06053759618112276,0.033420318447395375,-0.10242063765651453,0.036969629488564464,0.011367551449265295,-0.0768182883254193,-0.0682842623123189,1
2021-08-03,-0.1166441952062119,-0.30158515401445724,-0.36373375049458345,-0.06883039939217477,0.03066555092918108,-0.05406070476262254,-0.10242063765651453,0.036969629488564464,0.011367551449265295,-0.0768182883254193,0
2021-08-04,-0.13655701300070916,-0.325005447063729,-0.11999830510071363,-0.08654043893967749,0.03367075272662176,-0.1166441952062119,-0.05406070476262254,-0.10242063765651453,0.036969629488564464,0.011367551449265295,0
2021-08-05,0.011367551449265295,-0.2774860118912935,0.8737808450290536,-0.11394884656278509,0.03592465168638384,-0.13655701300070916,-0.1166441952062119,-0.05406070476262254,-0.10242063765651453,0.036969629488564464,1
2021-08-06,-0.13086748146411217,-0.293099540590808,-0.8061346029913254,-0.1289883289529887,0.032969537700115584,0.011367551449265295,-0.13655701300070916,-0.1166441952062119,-0.05406070476262254,-0.10242063765651453,0
2021-08-09,-0.0682842623123189,-0.32975739058097253,0.36737352606273954,-0.13685945466199875,0.03046520446112712,-0.13086748146411217,0.011367551449265295,-0.13655701300070916,-0.1166441952062119,-0.05406070476262254,1
2021-08-10,0.07679553636935707,-0.26289075680261687,0.8378544902845874,-0.13953001181929783,0.03131667814451427,-0.0682842623123189,-0.13086748146411217,0.011367551449265295,-0.13655701300070916,-0.1166441952062119,1
2021-08-11,-0.1166441952062119,-0.2730734929109959,-1.0731648708515797,-0.12983165714815267,0.03171737108062163,0.07679553636935707,-0.0682842623123189,-0.13086748146411217,0.011367551449265295,-0.13655701300070916,0
2021-08-12,-0.10526540342481301,-0.26458787948734674,0.06420777444966715,-0.13067499874777633,0.03647560327937218,-0.1166441952062119,0.07679553636935707,-0.0682842623123189,-0.13086748146411217,0.011367551449265295,1
2021-08-13,-0.09104184587511616,-0.32941796604402657,0.08064091306142714,-0.1323616685425645,0.04063279607396253,-0.10526540342481301,-0.1166441952062119,0.07679553636935707,-0.0682842623123189,-0.13086748146411217,1
2021-08-16,-0.21051929522569637,-0.24727722810310235,-0.7002171506458457,-0.12659887672592435,0.04569155036311189,-0.09104184587511616,-0.10526540342481301,-0.1166441952062119,0.07679553636935707,-0.0682842623123189,0
2021-08-17,-0.31577318702658075,-0.1580085748863128,-0.6421933243768765,-0.12196053143914262,0.04659311185767146,-0.21051929522569637,-0.09104184587511616,-0.10526540342481301,-0.1166441952062119,0.07679553636935707,0
2021-08-18,-0.25034493081469394,-0.25474456791591366,0.409480489799639,-0.11141883516837324,0.051401431867595,-0.31577318702658075,-0.21051929522569637,-0.09104184587511616,-0.10526540342481301,-0.1166441952062119,1
2021-08-19,-0.4295611048405645,-0.047356175841927264,-1.1064866081173867,-0.08836765449735239,0.05881426073885185,-0.25034493081469394,-0.31577318702658075,-0.21051929522569637,-0.09104184587511616,-0.10526540342481301,0
2021-08-20,-0.3442200308341784,-0.22928772764496605,0.5574716749826868,-0.04816865754375855,0.06542570373789397,-0.4295611048405645,-0.25034493081469394,-0.31577318702658075,-0.21051929522569637,-0.09104184587511616,1
2021-08-23,-0.2987048637085854,-0.06806107259563131,0.28692163124579323,-0.008110219757511678,0.0722875762395262,-0.3442200308341784,-0.4295611048405645,-0.25034493081469394,-0.31577318702658075,-0.21051929522569637,1
2021-08-24,-0.12233345545101279,0.013740240808346958,1.101861002615038,0.010583720556962205,0.08200439188171811,-0.2987048637085854,-0.3442200308341784,-0.4295611048405645,-0.25034493081469394,-0.31577318702658075,1
2021-08-25,0.11946593772665158,-0.0955544600882547,1.423315740467787,0.02253098169228447,0.08841548363606998,-0.12233345545101279,-0.2987048637085854,-0.3442200308341784,-0.4295611048405645,-0.25034493081469394,1
2021-08-26,-0.005700771868730556,-0.23268197301442572,-0.6863300607275967,0.04220882277372952,0.09542761957122002,0.11946593772665158,-0.12233345545101279,-0.2987048637085854,-0.3442200308341784,-0.4295611048405645,0
2021-08-27,0.0028332541443698398,-0.10539777165968778,0.045686627630761624,0.0582322059309043,0.10499417177989412,-0.005700771868730556,0.11946593772665158,-0.12233345545101279,-0.2987048637085854,-0.3442200308341784,1
2021-08-30,0.01421204592576771,0.013061391734455023,0.061666368938093005,0.06483833934716814,0.11651410085793147,0.0028332541443698398,-0.005700771868730556,0.11946593772665158,-0.12233345545101279,-0.2987048637085854,1
2021-08-31,0.03981439525686295,-0.14273447072374423,0.14169817426690237,0.08535950862377716,0.1293362891432726,0.01421204592576771,0.0028332541443698398,-0.005700771868730556,0.11946593772665158,-0.12233345545101279,1
2021-09-01,0.09670835416385432,-0.07688611055622648,0.3156974578768614,0.11248681131665052,0.14346072708264443,0.03981439525686295,0.01421204592576771,0.0028332541443698398,-0.005700771868730556,0.11946593772665158,1
2021-09-02,0.3299739926202149,0.47298163929624154,1.2800609065692323,0.14045744220468787,0.14821896405803126,0.09670835416385432,0.03981439525686295,0.01421204592576771,0.0028332541443698398,-0.005700771868730556,1
2021-09-03,0.8249518420487375,0.6359054170303061,2.5366767087302904,0.17531531143922327,0.15317754272483577,0.3299739926202149,0.09670835416385432,0.03981439525686295,0.01421204592576771,0.0028332541443698398,1
2021-09-07,0.6798720433670616,0.6345477188825223,-0.6543255363261552,0.19190090445686755,0.1635454808057246,0.8249518420487375,0.3299739926202149,0.09670835416385432,0.03981439525686295,0.01421204592576771,0
2021-09-08,0.3100609035339205,0.3019116726754737,-1.7265624424372072,0.209470398241483,0.1737130771951963,0.6798720433670616,0.8249518420487375,0.3299739926202149,0.09670835416385432,0.03981439525686295,0
2021-09-09,0.318595200838816,0.017813335251698575,0.04126054228176811,0.22633710959382125,0.18347998064856064,0.3100609035339205,0.6798720433670616,0.8249518420487375,0.3299739926202149,0.09670835416385432,1
2021-09-10,0.28161405972632286,0.06533277042413407,-0.1931289314682735,0.2267587870958632,0.19159401976968682,0.318595200838816,0.3100609035339205,0.6798720433670616,0.8249518420487375,0.3299739926202149,0
2021-09-13,0.21903056928273454,-0.09080251657101115,-0.3283868810011491,0.25037219103181324,0.20025901048380132,0.28161405972632286,0.318595200838816,0.3100609035339205,0.6798720433670616,0.8249518420487375,0
2021-09-14,0.04265916102516143,0.10470601670986636,-0.9374696136045073,0.26990947294591133,0.20852331303844532,0.21903056928273454,0.28161405972632286,0.318595200838816,0.3100609035339205,0.6798720433670616,0
2021-09-15,0.20480701173303717,0.21298244399563013,0.9040647758080338,0.2867761977027098,0.21673752778191635,0.04265916102516143,0.21903056928273454,0.28161405972632286,0.318595200838816,0.3100609035339205,1
2021-09-16,0.2332541268324309,0.4247833550499141,0.1486210635340503,0.30504847391960194,0.22535243546149528,0.20480701173303717,0.04265916102516143,0.21903056928273454,0.28161405972632286,0.318595200838816,1
2021-09-17,0.31575043507051753,0.5177856781731093,0.4325787822083103,0.3206501929791945,0.23697254493851433,0.2332541268324309,0.20480701173303717,0.04265916102516143,0.21903056928273454,0.28161405972632286,1
2021-09-20,0.2759245281897259,1.1518307131881775,-0.2079402032044822,0.31952574644933607,0.24899334257500447,0.31575043507051753,0.2332541268324309,0.20480701173303717,0.04265916102516143,0.21903056928273454,0
2021-09-21,-0.008545537637029041,5.410929802786182,-1.4852828936515992,0.29338234452343387,0.25790876756834535,0.2759245281897259,0.31575043507051753,0.2332541268324309,0.20480701173303717,0.04265916102516143,0
2021-09-22,0.05688271857485829,0.8578890641929692,0.3691144499134272,0.274969522543655,0.27068086326587726,-0.008545537637029041,0.2759245281897259,0.31575043507051753,0.2332541268324309,0.20480701173303717,1
2021-09-23,0.21903056928273454,0.48757689438491814,0.9000379347051899,0.27721842900783206,0.28245123139977785,0.05688271857485829,-0.008545537637029041,0.2759245281897259,0.31575043507051753,0.2332541268324309,1
2021-09-24,0.12800023503154703,0.06906644033053973,-0.4851983326051172,0.28045120943006036,0.29236839351002314,0.21903056928273454,0.05688271857485829,-0.008545537637029041,0.2759245281897259,0.31575043507051753,0
2021-09-27,0.47220902553359234,0.2798490777739858,1.8720984092572528,0.2850895547168421,0.30418884945509617,0.12800023503154703,0.21903056928273454,0.05688271857485829,-0.008545537637029041,0.2759245281897259,1
2021-09-28,0.3982467433086051,-0.0775649596301184,-0.3673194573378897,0.29366346285812883,0.31430635803339546,0.47220902553359234,0.12800023503154703,0.21903056928273454,0.05688271857485829,-0.008545537637029041,0
2021-09-29,0.3555763419513101,-0.11727763045279666,-0.2174775310819956,0.3139035138000429,0.3234722173059622,0.3982467433086051,0.47220902553359234,0.12800023503154703,0.21903056928273454,0.05688271857485829,0
2021-09-30,0.4096255350900035,0.0894319125472978,0.27249227774744733,0.3288024504273592,0.3335396380730885,0.3555763419513101,0.3982467433086051,0.47220902553359234,0.12800023503154703,0.21903056928273454,1
2021-10-01,0.412470300858302,-0.17837404710307087,0.011491569079693374,0.349604724634203,0.34400775177632215,0.4096255350900035,0.3555763419513101,0.3982467433086051,0.47220902553359234,0.12800023503154703,1
2021-10-04,0.3072164090574181,-0.04396193047246758,-0.5302570029547715,0.35269695929354405,0.3533238697057704,0.412470300858302,0.4096255350900035,0.3555763419513101,0.3982467433086051,0.47220902553359234,0
2021-10-05,0.29583761727602026,-0.21740786885185717,-0.06153928339891131,0.3591625335424609,0.3647436279380992,0.3072164090574181,0.412470300858302,0.4096255350900035,0.3555763419513101,0.3982467433086051,0
2021-10-06,0.3072164090574181,-0.19806067024593701,0.056180741350076356,0.386711500332916,0.37180584690778484,0.29583761727602026,0.3072164090574181,0.412470300858302,0.4096255350900035,0.3555763419513101,1
2021-10-07,0.3555763419513101,-0.23539736930999347,0.246966206473377,0.4055459998147369,0.378968236723179,0.3072164090574181,0.29583761727602026,0.3072164090574181,0.412470300858302,0.4096255350900035,1
2021-10-08,0.38402318575890826,-0.219444416073533,0.14210134256983364,0.41875826664726506,0.3809216183691797,0.3555763419513101,0.3072164090574181,0.29583761727602026,0.3072164090574181,0.412470300858302,1
2021-10-11,0.3754891597458084,-0.2947966632755379,-0.04588935905329294,0.4314082968104043,0.3781668556276011,0.38402318575890826,0.3555763419513101,0.3072164090574181,0.29583761727602026,0.3072164090574181,0
2021-10-12,0.39255721177200814,-0.32127177715732336,0.08365846536519299,0.43295440743784497,0.37851746075253606,0.3754891597458084,0.38402318575890826,0.3555763419513101,0.3072164090574181,0.29583761727602026,1
2021-10-13,0.45229593644729804,-0.23302139755137172,0.29828926587630517,0.4382955351569029,0.37546217592055925,0.39255721177200814,0.3754891597458084,0.38402318575890826,0.3555763419513101,0.3072164090574181,1
2021-10-14,0.5063454008777875,-0.1739615281227733,0.2650951137733659,0.43871719925448516,0.37260723755663583,0.45229593644729804,0.39255721177200814,0.3754891597458084,0.38402318575890826,0.3555763419513101,1
2021-10-15,0.6542696940359664,-0.0480350249158192,0.7194945087017273,0.43998220495169105,0.3683498739163375,0.5063454008777875,0.45229593644729804,0.39255721177200814,0.3754891597458084,0.38402318575890826,1
2021-10-18,0.3783339255141069,0.004915202847751793,-1.2976494792699662,0.4464477792006079,0.3572807208089431,0.6542696940359664,0.5063454008777875,0.45229593644729804,0.39255721177200814,0.3754891597458084,0
2021-10-19,0.40678076932170504,-0.3083736447533766,0.1411658939819322,0.458254467764123,0.343156278092935,0.3783339255141069,0.6542696940359664,0.5063454008777875,0.45229593644729804,0.39255721177200814,1
2021-10-20,0.5490158022350825,-0.19975779293066684,0.7111768851113532,0.4692178281324741,0.31961554660177066,0.40678076932170504,0.3783339255141069,0.6542696940359664,0.5063454008777875,0.45229593644729804,1
2021-10-21,0.4380726501893977,-0.21333477440850557,-0.5382240363571105,0.4834139689230535,0.3021853895511968,0.5490158022350825,0.40678076932170504,0.3783339255141069,0.6542696940359664,0.5063454008777875,0
2021-10-22,0.48643258308328924,-0.1939875758025854,0.237848618785184,0.49550177582126304,0.29432178470929643,0.4380726501893977,0.5490158022350825,0.40678076932170504,0.3783339255141069,0.6542696940359664,1
2021-10-25,0.38402318575890826,-0.2374339165316693,-0.5055524088125302,0.508151819388862,0.28575696484089047,0.48643258308328924,0.4380726501893977,0.5490158022350825,0.40678076932170504,0.3783339255141069,0
2021-10-26,0.5035006351094895,-0.14544986701931198,0.6008105139585501,0.5170068458648432,0.274988329047258,0.38402318575890826,0.48643258308328924,0.4380726501893977,0.5490158022350825,0.40678076932170504,1
2021-10-27,0.5063454008777875,-0.24422240727058864,0.01112458321653947,0.520801862956461,0.26472056181207776,0.5035006351094895,0.38402318575890826,0.48643258308328924,0.4380726501893977,0.5490158022350825,1
2021-10-28,0.36411036796441,-0.22012326514742492,-0.6972683200234965,0.5196774164266026,0.2568068691590055,0.5063454008777875,0.5035006351094895,0.38402318575890826,0.48643258308328924,0.4380726501893977,0
2021-10-29,0.4352278844210987,-0.28427450263021287,0.3585394939012607,0.512509059745409,0.24393459783912827,0.36411036796441,0.5063454008777875,0.5035006351094895,0.38402318575890826,0.48643258308328924,1
2021-11-01,0.5433265419902811,-0.2584782378223193,0.5355184371175885,0.4939556785982826,0.2316132781122393,0.4352278844210987,0.36411036796441,0.5063454008777875,0.5035006351094895,0.38402318575890826,1
2021-11-02,0.546171036466784,-0.2703580966154282,0.010973222330652841,0.48903621497680644,0.2170380594255883,0.5433265419902811,0.4352278844210987,0.36411036796441,0.5063454008777875,0.5035006351094895,1
2021-11-03,0.5177241926591859,-0.15563260312769103,-0.14017587042994434,0.47975952440324293,0.20236266989322874,0.546171036466784,0.5433265419902811,0.4352278844210987,0.36411036796441,0.5063454008777875,0
2021-11-04,0.5945309693606755,-0.3110890410489443,0.3710838758900088,0.4554433514394764,0.19329698624300684,0.5177241926591859,0.546171036466784,0.5433265419902811,0.4352278844210987,0.36411036796441,1
2021-11-05,0.6002205008972724,-0.23607621838388543,0.024349016983778275,0.43913884994760716,0.18262852607171978,0.5945309693606755,0.5177241926591859,0.546171036466784,0.5433265419902811,0.4352278844210987,1
2021-11-08,0.6400464077780651,-0.2140136234823975,0.18680928676899272,0.41454155864914566,0.16995660121989647,0.6002205008972724,0.5945309693606755,0.5177241926591859,0.546171036466784,0.5433265419902811,1
2021-11-09,0.5547053337716794,-0.1960241230242612,-0.40475754549532506,0.3937392844423019,0.15953857532783522,0.6400464077780651,0.6002205008972724,0.5945309693606755,0.5177241926591859,0.546171036466784,0
2021-11-10,0.4693642597652939,-0.19636354756120716,-0.4140269089311567,0.3695636572414226,0.14336058012011846,0.5547053337716794,0.6400464077780651,0.6002205008972724,0.5945309693606755,0.5177241926591859,0
2021-11-11,0.42953835288450226,-0.3063370975317008,-0.1992235670318658,0.33611133946697985,0.1272827605347471,0.4693642597652939,0.5547053337716794,0.6400464077780651,0.6002205008972724,0.5945309693606755,0
2021-11-12,0.36126560219611203,-0.2320031239405338,-0.34329260303123843,0.3108112657362421,0.11335866428679296,0.42953835288450226,0.4693642597652939,0.5547053337716794,0.6400464077780651,0.6002205008972724,0
2021-11-15,0.2787692939580244,-0.23370024662526365,-0.4222427129181863,0.279326736091282,0.09848292350974314,0.36126560219611203,0.42953835288450226,0.4693642597652939,0.5547053337716794,0.6400464077780651,0
2021-11-16,0.2787692939580244,-0.24965319986172413,-0.002776399662175084,0.22619657723539421,0.0817038888978656,0.2787692939580244,0.36126560219611203,0.42953835288450226,0.4693642597652939,0.5547053337716794,1
2021-11-17,0.21903056928273454,-0.2550839924528596,-0.31384423727287597,0.1758775481086127,0.06843091986524466,0.2787692939580244,0.2787692939580244,0.36126560219611203,0.42953835288450226,0.4693642597652939,0
2021-11-18,0.05688271857485829,-0.2075645572804241,-0.8620908271494804,0.124996295716902,0.0551078630214513,0.21903056928273454,0.2787692939580244,0.2787692939580244,0.36126560219611203,0.42953835288450226,0
2021-11-19,0.1080871459452532,-0.23030600125580397,0.2823219893158535,0.08029951264387393,0.04003177577634806,0.05688271857485829,0.21903056928273454,0.2787692939580244,0.2787692939580244,0.36126560219611203,1
2021-11-22,-0.011390032113531961,-0.25270802069423787,-0.6575401035370046,0.043895519377437624,0.02345308763252393,0.1080871459452532,0.05688271857485829,0.21903056928273454,0.2787692939580244,0.2787692939580244,0
2021-11-23,-0.0369923814446277,-0.2374339165316693,-0.1484308824276334,0.003977627354078014,0.006724140831819378,-0.011390032113531961,0.1080871459452532,0.05688271857485829,0.21903056928273454,0.2787692939580244,0
2021-11-24,0.01421204592576771,-0.293099540590808,0.29092971520648697,-0.039735281760899355,-0.00995471815771331,-0.0369923814446277,-0.011390032113531961,0.1080871459452532,0.05688271857485829,0.21903056928273454,1
2021-11-26,-0.17069338834490477,-0.24965319986172413,-1.0462014966309559,-0.08091817948146436,-0.02568192784151344,0.01421204592576771,-0.0369923814446277,-0.011390032113531961,0.1080871459452532,0.05688271857485829,0
2021-11-29,-0.14793580478210802,0.6321717471239005,0.1336254026584722,-0.12224162296491714,-0.04401364638664745,-0.17069338834490477,0.01421204592576771,-0.0369923814446277,-0.011390032113531961,0.1080871459452532,1
2021-11-30,-0.2019849979208009,-0.15936627303409667,-0.32427142306671464,-0.16609507784278177,-0.06680307981676949,-0.14793580478210802,-0.17069338834490477,0.01421204592576771,-0.0369923814446277,-0.011390032113531961,0
2021-12-01,-0.5319705021649455,-0.13560655544787892,-2.001626127935569,-0.20292073520680032,-0.09204675867470813,-0.2019849979208009,-0.14793580478210802,-0.17069338834490477,0.01421204592576771,-0.0369923814446277,0
2021-12-02,-0.4722317774896556,0.007291174606373569,0.40475971828945706,-0.24199528563053574,-0.11398471842144357,-0.5319705021649455,-0.2019849979208009,-0.14793580478210802,-0.17069338834490477,0.01421204592576771,1
2021-12-03,-0.5120574130786516,-0.07315244064982082,-0.2683962504849074,-0.28036705362199443,-0.13597276120271515,-0.4722317774896556,-0.5319705021649455,-0.2019849979208009,-0.14793580478210802,-0.17069338834490477,0
2021-12-06,-0.3100836554899838,0.032408590340375194,1.3646677475725832,-0.30904046694230847,-0.16131661329467994,-0.5120574130786516,-0.4722317774896556,-0.5319705021649455,-0.2019849979208009,-0.14793580478210802,1
2021-12-07,-0.13655701300070916,-0.14171619711290634,1.0884042170857013,-0.3415088839497795,-0.1856086476235229,-0.3100836554899838,-0.5120574130786516,-0.4722317774896556,-0.5319705021649455,-0.2019849979208009,1
2021-12-08,-0.1678486225766063,-0.1759980753444491,-0.1882012286876333,-0.3656845111506588,-0.21145336827394043,-0.13655701300070916,-0.3100836554899838,-0.5120574130786516,-0.4722317774896556,-0.5319705021649455,0
2021-12-09,-0.3299967445762781,-0.26662442670902253,-0.9737130148198795,-0.3867679036921976,-0.23484384110822382,-0.1678486225766063,-0.13655701300070916,-0.3100836554899838,-0.5120574130786516,-0.4722317774896556,0
2021-12-10,-0.36413311992047276,-0.15936627303409667,-0.2189525985187967,-0.40953796602852344,-0.26028786643421586,-0.3299967445762781,-0.1678486225766063,-0.13655701300070916,-0.3100836554899838,-0.5120574130786516,0
2021-12-13,-0.40680352127776775,-0.20722513274347815,-0.2763117962596188,-0.4265452365482097,-0.28658336544359503,-0.36413311992047276,-0.3299967445762781,-0.1678486225766063,-0.13655701300070916,-0.3100836554899838,0
2021-12-14,-0.5262809706283484,-0.21129822718682975,-0.7806074917615976,-0.4407413907432488,-0.3102743579799585,-0.40680352127776775,-0.36413311992047276,-0.3299967445762781,-0.1678486225766063,-0.13655701300070916,0
2021-12-15,-0.4665422459530586,-0.005267533260627244,0.40387471189635,-0.4522669877809894,-0.3323124933490394,-0.5262809706283484,-0.40680352127776775,-0.36413311992047276,-0.3299967445762781,-0.1678486225766063,1
2021-12-16,-0.5120574130786516,-0.10845259249220149,-0.30569844762856624,-0.4526886518785716,-0.35545253190409637,-0.4665422459530586,-0.5262809706283484,-0.40680352127776775,-0.36413311992047276,-0.3299967445762781,0
2021-12-17,-0.5575725802042446,0.5815974911189513,-0.3109325167705109,-0.4514236461813657,-0.3787428291160343,-0.5120574130786516,-0.4665422459530586,-0.5262809706283484,-0.40680352127776775,-0.36413311992047276,0
2021-12-20,-0.52343620486005,-0.14035849896512248,0.2324042812720636,-0.4488936481914136,-0.4037360760830647,-0.5575725802042446,-0.5120574130786516,-0.4665422459530586,-0.5262809706283484,-0.40680352127776775,1
2021-12-21,-0.5490385541911452,-0.11490165869417487,-0.1768666838556168,-0.46070035015938887,-0.4304322656402331,-0.52343620486005,-0.5575725802042446,-0.5120574130786516,-0.4665422459530586,-0.5262809706283484,0
2021-12-22,-0.5006786212972533,-0.19127217950701766,0.32930194494073733,-0.4829081892307855,-0.4573788918649455,-0.5490385541911452,-0.52343620486005,-0.5575725802042446,-0.5120574130786516,-0.4665422459530586,1
2021-12-23,-0.46369748018476015,-0.24014931282723703,0.24652401409470442,-0.5025860303122306,-0.48437560590083034,-0.5006786212972533,-0.5490385541911452,-0.52343620486005,-0.5575725802042446,-0.5120574130786516,1
2021-12-27,-0.4466294281585598,-0.2584782378223193,0.11069800164226946,-0.5145332780430931,-0.5090182453546076,-0.46369748018476015,-0.5006786212972533,-0.5490385541911452,-0.52343620486005,-0.5575725802042446,1
2021-12-28,-0.5149021788469501,-0.2265723313493983,-0.4538078723349608,-0.5212799572222447,-0.5319078496304388,-0.4466294281585598,-0.46369748018476015,-0.5006786212972533,-0.5490385541911452,-0.52343620486005,0
2021-12-29,-0.4352506363771615,-0.21638959524101928,0.5370798166805797,-0.5302755428655729,-0.5535953750979479,-0.5149021788469501,-0.4466294281585598,-0.46369748018476015,-0.5006786212972533,-0.5490385541911452,1
2021-12-30,-0.4352506363771615,-0.24659837902921042,-0.002776399662175084,-0.5432066913634066,-0.5740808217571354,-0.4352506363771615,-0.5149021788469501,-0.4466294281585598,-0.46369748018476015,-0.5006786212972533,1
2021-12-31,-0.5405045281780453,-0.056520638339468396,-0.6951985038403251,-0.5586678512556522,-0.5924125403022694,-0.4352506363771615,-0.4352506363771615,-0.5149021788469501,-0.4466294281585598,-0.46369748018476015,0
2022-01-03,-0.4466294281585598,-0.21740786885185717,0.6397346415192542,-0.5762373450402677,-0.6105940001905225,-0.5405045281780453,-0.4352506363771615,-0.4352506363771615,-0.5149021788469501,-0.4466294281585598,1
2022-01-04,-0.4608529857082567,-0.13832195174344666,-0.09674173786227841,-0.5902929400679598,-0.6287754600787749,-0.4466294281585598,-0.5405045281780453,-0.4352506363771615,-0.4352506363771615,-0.5149021788469501,0
2022-01-05,-0.5490385541911452,-0.177016348955287,-0.5884439914409496,-0.608424663819734,-0.6456045801135067,-0.4608529857082567,-0.4466294281585598,-0.5405045281780453,-0.4352506363771615,-0.4352506363771615,0
2022-01-06,-0.5860196953036388,-0.25270802069423787,-0.25671877276490174,-0.6278213865664847,-0.6622333512918664,-0.5490385541911452,-0.4608529857082567,-0.4466294281585598,-0.5405045281780453,-0.4352506363771615,0
2022-01-07,-0.56610687750914,-0.293099540590808,0.13593618347159422,-0.6515753429675522,-0.6769087456008629,-0.5860196953036388,-0.5490385541911452,-0.4608529857082567,-0.4466294281585598,-0.5405045281780453,1
2022-01-10,-0.571796137753942,-0.22487520866466848,-0.04210189273748948,-0.6753293060708497,-0.6915841399098587,-0.56610687750914,-0.5860196953036388,-0.5490385541911452,-0.4608529857082567,-0.4466294281585598,0
2022-01-11,-0.5006786212972533,-0.3080342202164306,0.48989079235289734,-0.6997860382019637,-0.706860568846379,-0.571796137753942,-0.56610687750914,-0.5860196953036388,-0.5490385541911452,-0.4608529857082567,1
2022-01-12,-0.5888644610719374,-0.18685966052672007,-0.5972622830601767,-0.7231183238032188,-0.7172785947384404,-0.5006786212972533,-0.571796137753942,-0.56610687750914,-0.5860196953036388,-0.5490385541911452,0
2022-01-13,-0.7879934528923067,-0.14035849896512248,-1.3914509074425956,-0.7501050606265146,-0.7283978356570077,-0.5888644610719374,-0.5006786212972533,-0.571796137753942,-0.56610687750914,-0.5860196953036388,0
2022-01-14,-0.7794594268792068,-0.25474456791591366,0.061763023971991106,-0.768939560108336,-0.7372130898046395,-0.7879934528923067,-0.5888644610719374,-0.5006786212972533,-0.571796137753942,-0.56610687750914,1
2022-01-18,-0.8676449953620953,-0.08333517675819986,-0.6672838544010329,-0.7803245845742693,-0.7410196726976586,-0.7794594268792068,-0.7879934528923067,-0.5888644610719374,-0.5006786212972533,-0.571796137753942,0
2022-01-19,-0.8420426460310001,-0.2659455776351306,0.19761216723986683,-0.7966290726616783,-0.7473305888296656,-0.8676449953620953,-0.7794594268792068,-0.7879934528923067,-0.5888644610719374,-0.5006786212972533,1
2022-01-20,-0.8904027145707899,-0.26289075680261687,-0.37708302751633876,-0.8184152409332631,-0.7552442838710566,-0.8420426460310001,-0.8676449953620953,-0.7794594268792068,-0.7879934528923067,-0.5888644610719374,0
2022-01-21,-0.9416072775870825,-0.10030640360549825,-0.4075956302820617,-0.8368280696152727,-0.7666139590688498,-0.8904027145707899,-0.8420426460310001,-0.8676449953620953,-0.7794594268792068,-0.7879934528923067,0
2022-01-24,-0.9814330488219769,0.10334831856208249,-0.32494865780220505,-0.8538353401349584,-0.7797366646679529,-0.9416072775870825,-0.8904027145707899,-0.8420426460310001,-0.8676449953620953,-0.7794594268792068,0
2022-01-25,-0.944452043355381,-0.10811316795525552,0.3018865899087775,-0.8699992690550205,-0.7921581600171866,-0.9814330488219769,-0.9416072775870825,-0.8904027145707899,-0.8420426460310001,-0.8676449953620953,1
2022-01-26,-0.9416072775870825,-0.1824471415464225,0.020266186196661557,-0.8834926408177833,-0.8022756638188491,-0.944452043355381,-0.9814330488219769,-0.9416072775870825,-0.8904027145707899,-0.8420426460310001,1
2022-01-27,-0.9871224447126761,-0.16072397118188053,-0.37097326610792364,-0.8997971289051929,-0.8127437751337646,-0.9416072775870825,-0.944452043355381,-0.9814330488219769,-0.9416072775870825,-0.8904027145707899,0
2022-01-28,-0.9814330488219769,-0.2713763702262661,0.0442184234206283,-0.910338825175962,-0.8210581631112629,-0.9871224447126761,-0.9416072775870825,-0.944452043355381,-0.9814330488219769,-0.9416072775870825,1
2022-01-31,-0.8164405679917004,-0.28020140818686123,1.3564917390012101,-0.9110416076082385,-0.8270184741183355,-0.9814330488219769,-0.9871224447126761,-0.9416072775870825,-0.944452043355381,-0.9814330488219769,1
2022-02-01,-0.7709251295743114,-0.1515595086843394,0.3456415331231007,-0.9101982660086148,-0.8321273162186573,-0.8164405679917004,-0.9814330488219769,-0.9871224447126761,-0.9416072775870825,-0.944452043355381,1
2022-02-02,-0.7766146611109083,-0.21367419894545153,-0.04549486699761892,-0.9045760333593219,-0.8353829522953243,-0.7709251295743114,-0.8164405679917004,-0.9814330488219769,-0.9871224447126761,-0.9416072775870825,0
2022-02-03,-0.9017815063521882,-0.24320413365975074,-0.944817731255753,-0.9031704818992284,-0.8386886761831639,-0.7766146611109083,-0.7709251295743114,-0.8164405679917004,-0.9814330488219769,-0.9871224447126761,0
2022-02-04,-0.9216943241466865,-0.24116758643807493,-0.1610036834808724,-0.9035921459968104,-0.8427957859432181,-0.9017815063521882,-0.7766146611109083,-0.7709251295743114,-0.8164405679917004,-0.9814330488219769,0
2022-02-07,-0.9302284858056842,-0.26119363411788704,-0.07119587688694662,-0.8983915774450997,-0.8468027200809269,-0.9216943241466865,-0.9017815063521882,-0.7766146611109083,-0.7709251295743114,-0.8164405679917004,0
2022-02-08,-0.8932473446931906,-0.2785042855021314,0.2948479786231616,-0.891644891563718,-0.8516611279020229,-0.9302284858056842,-0.9216943241466865,-0.9017815063521882,-0.7766146611109083,-0.7709251295743114,1
2022-02-09,-0.8448874117992986,-0.21265592533461364,0.3800361375880326,-0.8879904336394477,-0.8571205751272796,-0.8932473446931906,-0.9302284858056842,-0.9216943241466865,-0.9017815063521882,-0.7766146611109083,1
2022-02-10,-0.8306638542496017,-0.15732972581242086,0.10744993175844471,-0.8836331932829008,-0.8630307983231792,-0.8448874117992986,-0.8932473446931906,-0.9302284858056842,-0.9216943241466865,-0.9017815063521882,1
2022-02-11,-0.8022170104420036,-0.22114153875826284,0.2163200367565431,-0.8725292737472021,-0.867187991117769,-0.8306638542496017,-0.8448874117992986,-0.8932473446931906,-0.9302284858056842,-0.9216943241466865,1
2022-02-14,-0.8022170104420036,-0.2730734929109959,-0.002776399662175084,-0.8625498074435927,-0.8739496879970564,-0.8022170104420036,-0.8306638542496017,-0.8448874117992986,-0.8932473446931906,-0.9302284858056842,1
2022-02-15,-0.7623911035612114,-0.24965319986172413,0.30023859719672136,-0.8569275613898397,-0.8810619947779145,-0.8022170104420036,-0.8022170104420036,-0.8306638542496017,-0.8448874117992986,-0.8932473446931906,1
2022-02-16,-0.7538570775481116,-0.19704239663509912,0.06106987863837885,-0.8558031148599808,-0.8844678895114625,-0.7623911035612114,-0.8022170104420036,-0.8022170104420036,-0.8306638542496017,-0.8448874117992986,1
2022-02-17,-0.8135958022234019,-0.2004366420045588,-0.4481101476906063,-0.8584736720172804,-0.8886751701172246,-0.7538570775481116,-0.7623911035612114,-0.8022170104420036,-0.8022170104420036,-0.8306638542496017,0
2022-02-18,-0.8989367405838897,-0.21469247255628943,-0.655259428929376,-0.861425347509274,-0.8919308014172554,-0.8135958022234019,-0.7538570775481116,-0.7623911035612114,-0.8022170104420036,-0.8022170104420036,0
2022-02-22,-0.8363533857861987,0.3762456462666407,0.49388155105902953,-0.8631120240062917,-0.8929325337575236,-0.8989367405838897,-0.8135958022234019,-0.7538570775481116,-0.7623911035612114,-0.8022170104420036,1
2022-02-23,-0.8448874117992986,-0.23539736930999347,-0.06866701875156425,-0.8607225717792274,-0.8939342660977911,-0.8363533857861987,-0.8989367405838897,-0.8135958022234019,-0.7538570775481116,-0.7623911035612114,0
2022-02-24,-0.8704897611303938,-0.20688570820653218,-0.20118337574080927,-0.859738684416716,-0.895386779185339,-0.8448874117992986,-0.8363533857861987,-0.8989367405838897,-0.8135958022234019,-0.7538570775481116,0
2022-02-25,-0.8534214378123984,-0.23268197301442572,0.13098368124849952,-0.86269035990871,-0.9003453578521435,-0.8704897611303938,-0.8448874117992986,-0.8363533857861987,-0.8989367405838897,-0.8135958022234019,1
2022-02-28,-0.7623911035612114,-0.18719908506366603,0.7052944604855583,-0.8690153816925095,-0.907858357569109,-0.8534214378123984,-0.8704897611303938,-0.8448874117992986,-0.8363533857861987,-0.8989367405838897,1
2022-03-01,-0.7794594268792068,-0.22453578412772252,-0.13047098589987258,-0.8728103920818971,-0.9136183221081282,-0.7623911035612114,-0.8534214378123984,-0.8704897611303938,-0.8448874117992986,-0.8363533857861987,0
2022-03-02,-0.7026523788859211,-0.25033204893561606,0.5759901360202159,-0.875902613336778,-0.9154715281317829,-0.7794594268792068,-0.7623911035612114,-0.8534214378123984,-0.8704897611303938,-0.8448874117992986,1
2022-03-03,-0.7481675460115146,-0.08740827120155148,-0.33496797873855955,-0.8756215084065432,-0.9192280256019473,-0.7026523788859211,-0.7794594268792068,-0.7623911035612114,-0.8534214378123984,-0.8704897611303938,0
2022-03-04,-0.8306638542496017,-0.16717303738385395,-0.6163018353929868,-0.8728103920818971,-0.921181407247948,-0.7481675460115146,-0.7026523788859211,-0.7794594268792068,-0.7623911035612114,-0.8534214378123984,0
2022-03-07,-0.9615202310274786,-0.19975779293066684,-1.0106269024669916,-0.8694370524923214,-0.9237358282981089,-0.8306638542496017,-0.7481675460115146,-0.7026523788859211,-0.7794594268792068,-0.7623911035612114,0
2022-03-08,-0.9558308351367794,-0.1950058494134233,0.04366770480943758,-0.8624092616807054,-0.9271918084545111,-0.9615202310274786,-0.8306638542496017,-0.7481675460115146,-0.7026523788859211,-0.7794594268792068,1
2022-03-09,-0.8818685529117922,-0.2564416906006435,0.5994298218755267,-0.8594575861887113,-0.9294457074142732,-0.9558308351367794,-0.9615202310274786,-0.8306638542496017,-0.7481675460115146,-0.7026523788859211,1
2022-03-10,-0.8733345268986923,-0.21469247255628943,0.06443865271234696,-0.8560842465991355,-0.9312989158262466,-0.8818685529117922,-0.9558308351367794,-0.9615202310274786,-0.8306638542496017,-0.7481675460115146,1
2022-03-11,-0.9046261364745889,-0.25779938874842734,-0.24830765537433733,-0.8513053421450067,-0.9358568015569437,-0.8733345268986923,-0.8818685529117922,-0.9558308351367794,-0.9615202310274786,-0.8306638542496017,0
2022-03-14,-0.9586754652591801,-0.09453618647741681,-0.4327974643049722,-0.8477914433880834,-0.9414665074390814,-0.9046261364745889,-0.8733345268986923,-0.8818685529117922,-0.9558308351367794,-0.9615202310274786,0
2022-03-15,-0.8790239227893915,-0.2269117558863443,0.6465955072315962,-0.8472292201231543,-0.946274827449005,-0.9586754652591801,-0.9046261364745889,-0.8733345268986923,-0.8818685529117922,-0.9558308351367794,1
2022-03-16,-0.8648002295937969,-0.2099405290390459,0.10911062237851551,-0.8491969948481767,-0.9514838403950353,-0.8790239227893915,-0.9586754652591801,-0.9046261364745889,-0.8733345268986923,-0.8818685529117922,1
2022-03-17,-0.75670184331641,-0.18142886793558458,0.842250368669129,-0.8559436874317885,-0.9594476184709624,-0.8648002295937969,-0.8790239227893915,-0.9586754652591801,-0.9046261364745889,-0.8733345268986923,1
2022-03-18,-0.6969631186411197,-0.09419676194047083,0.4430875197485574,-0.8552409184039715,-0.9686635655547018,-0.75670184331641,-0.8648002295937969,-0.8790239227893915,-0.9586754652591801,-0.9046261364745889,1
2022-03-21,-0.7453230515350117,-0.18855678321144992,-0.35491059770208444,-0.8480725751272382,-0.9775789905480428,-0.6969631186411197,-0.75670184331641,-0.8648002295937969,-0.8790239227893915,-0.9586754652591801,0
2022-03-22,-0.75670184331641,-0.2364156429208314,-0.08730026982879376,-0.8324708627698758,-0.9851921634990348,-0.7453230515350117,-0.6969631186411197,-0.75670184331641,-0.8648002295937969,-0.8790239227893915,0
2022-03-23,-0.7766146611109083,-0.22928772764496605,-0.15139703119767073,-0.815182473915495,-0.9936067247105598,-0.75670184331641,-0.7453230515350117,-0.6969631186411197,-0.75670184331641,-0.8648002295937969,0
2022-03-24,-0.7766146611109083,-0.18719908506366603,-0.002776399662175084,-0.8033757719475197,-1.002171544578966,-0.7766146611109083,-0.75670184331641,-0.7453230515350117,-0.6969631186411197,-0.75670184331641,1
2022-03-25,-0.7737698953426099,-0.23845219014250718,0.018634117853657567,-0.7922718524118216,-1.0115878381307588,-0.7766146611109083,-0.7766146611109083,-0.75670184331641,-0.7453230515350117,-0.6969631186411197,1
2022-03-28,-0.7823039213557097,-0.25372629430507576,-0.06692889482720751,-0.7897418410174099,-1.023808984623621,-0.7737698953426099,-0.7766146611109083,-0.7766146611109083,-0.75670184331641,-0.7453230515350117,0
2022-03-29,-0.7510123117798131,-0.2184261424626951,0.23329996350039553,-0.788195723687739,-1.0374325587811764,-0.7823039213557097,-0.7737698953426099,-0.7766146611109083,-0.7766146611109083,-0.75670184331641,1
2022-03-30,-0.8192850624682033,-0.21129822718682975,-0.5111242065087276,-0.7900229459476441,-1.0503549179122262,-0.7510123117798131,-0.7823039213557097,-0.7737698953426099,-0.7766146611109083,-0.7766146611109083,0
2022-03-31,-0.8391981515544972,-0.2119770762607217,-0.15539622973343406,-0.7914285108121974,-1.0613238953972755,-0.8192850624682033,-0.7510123117798131,-0.7823039213557097,-0.7737698953426099,-0.7766146611109083,0
2022-04-01,-0.7339442597536133,-0.27103694568932013,0.81088361849678,-0.8030946469105952,-1.0717419212893367,-0.8391981515544972,-0.8192850624682033,-0.7510123117798131,-0.7823039213557097,-0.7737698953426099,1
2022-04-04,-0.6855843268597213,-0.15189893322128536,0.3547560871176981,-0.8170096827709403,-1.0833369844724516,-0.7339442597536133,-0.8391981515544972,-0.8192850624682033,-0.7510123117798131,-0.7823039213557097,1
2022-04-05,-0.6457584199789292,-0.17531922627055715,0.28587604136381733,-0.8289569305018024,-1.0947567427047806,-0.6855843268597213,-0.7339442597536133,-0.8391981515544972,-0.8192850624682033,-0.7510123117798131,1
2022-04-06,-0.6059325130981371,0.03580283570983487,0.2812786078006802,-0.8452614185892119,-1.104573729192681,-0.6457584199789292,-0.6855843268597213,-0.7339442597536133,-0.8391981515544972,-0.8192850624682033,1
2022-04-07,-0.6429136542106307,-0.14612871609320394,-0.26240616632024694,-0.8597386777144859,-1.1136895006540755,-0.6059325130981371,-0.6457584199789292,-0.6855843268597213,-0.7339442597536133,-0.8391981515544972,0
2022-04-08,-0.6486031857472276,-0.18414426423115232,-0.04331040089120984,-0.8750592784393845,-1.1263614278942173,-0.6429136542106307,-0.6059325130981371,-0.6457584199789292,-0.6855843268597213,-0.7339442597536133,0
2022-04-11,-0.8534214378123984,0.01509793895613083,-1.4652896237884447,-0.8962832301482696,-1.1563633401450655,-0.6486031857472276,-0.6429136542106307,-0.6059325130981371,-0.6457584199789292,-0.6855843268597213,0
2022-04-12,-0.9273837200373857,-0.00594638233451918,-0.5780850286410185,-0.91989663408422,-1.1869412508798862,-0.8534214378123984,-0.6486031857472276,-0.6429136542106307,-0.6059325130981371,-0.6457584199789292,0
2022-04-13,-0.9160049282559873,-0.0005155897433836933,0.08868275563195323,-0.9450561486476105,-1.2188965435825756,-0.9273837200373857,-0.8534214378123984,-0.6486031857472276,-0.6429136542106307,-0.6059325130981371,1
2022-04-14,-0.8932473446931906,0.032408590340375194,0.17920865514758927,-0.9676856585188195,-1.2509019211110397,-0.9160049282559873,-0.9273837200373857,-0.8534214378123984,-0.6486031857472276,-0.6429136542106307,1
2022-04-18,-0.9928118406033752,0.006272900995535665,-0.7909192902456693,-0.9889096035254751,-1.2848606808825833,-0.8932473446931906,-0.9160049282559873,-0.9273837200373857,-0.8534214378123984,-0.6486031857472276,0
2022-04-19,-0.9785884186995761,-0.134927706373987,0.11502049777684631,-1.0165991160788175,-1.317316840949566,-0.9928118406033752,-0.8932473446931906,-0.9160049282559873,-0.9273837200373857,-0.8534214378123984,1
2022-04-20,-0.9871224447126761,-0.10234295082717407,-0.07299055025280864,-1.0461158575942953,-1.3467177149904124,-0.9785884186995761,-0.9928118406033752,-0.8932473446931906,-0.9160049282559873,-0.9273837200373857,0
2022-04-21,-1.0866870762687586,0.13763019679362523,-0.8251874842786788,-1.0801303986336672,-1.373714426637979,-0.9871224447126761,-0.9785884186995761,-0.9928118406033752,-0.8932473446931906,-0.9160049282559873,0
2022-04-22,-1.0696187529507633,-0.0490532985266571,0.14502479938677573,-1.11934551492698,-1.3997594913681322,-1.0866870762687586,-0.9871224447126761,-0.9785884186995761,-0.9928118406033752,-0.8932473446931906,1
2022-04-25,-1.0866870762687586,-0.1335700082262031,-0.14936278587125176,-1.1575767371555516,-1.4282588039144193,-1.0696187529507633,-1.0866870762687586,-0.9871224447126761,-0.9785884186995761,-0.9928118406033752,0
2022-04-26,-1.2033197598510408,0.3205800222075019,-1.0127438206321961,-1.1960890643143578,-1.4575094145217482,-1.0866870762687586,-1.0696187529507633,-1.0866870762687586,-0.9871224447126761,-0.9785884186995761,0
2022-04-27,-1.2602137187580327,0.1243926398527325,-0.5250175685548579,-1.2299630528886123,-1.486459507815315,-1.2033197598510408,-1.0866870762687586,-1.0696187529507633,-1.0866870762687586,-0.9871224447126761,0
2022-04-28,-1.2602137187580327,-0.014771420295114345,-0.002776399662175084,-1.2634153706630549,-1.514558127425495,-1.2602137187580327,-1.2033197598510408,-1.0866870762687586,-1.0696187529507633,-1.0866870762687586,1
2022-04-29,-1.2772819064301302,-0.029366675383790966,-0.1641749101655478,-1.2940565721128512,-1.5439589990780231,-1.2602137187580327,-1.2602137187580327,-1.2033197598510408,-1.0866870762687586,-1.0696187529507633,0
2022-05-02,-1.2687478804170302,0.1803976884488172,0.07865918716977392,-1.3203405332061005,-1.573009266799776,-1.2772819064301302,-1.2602137187580327,-1.2602137187580327,-1.2033197598510408,-1.0866870762687586,1
2022-05-03,-1.2943500941022277,0.007291174606373569,-0.24597397326313572,-1.3381911386231802,-1.60471412402908,-1.2687478804170302,-1.2772819064301302,-1.2602137187580327,-1.2602137187580327,-1.2033197598510408,0
2022-05-04,-1.2829713023208293,0.17496689585768171,0.1068059972129722,-1.3596259223808569,-1.6365692411094244,-1.2943500941022277,-1.2687478804170302,-1.2772819064301302,-1.2602137187580327,-1.2602137187580327,1
2022-05-05,-1.33417600098302,0.05718658153743085,-0.49288706226066725,-1.3830987671494597,-1.6679735774424886,-1.2829713023208293,-1.2943500941022277,-1.2687478804170302,-1.2772819064301302,-1.2602137187580327,0
2022-05-06,-1.3996041215490094,0.03885765654234858,-0.6467242083010863,-1.4013710366641214,-1.6996283480547796,-1.33417600098302,-1.2829713023208293,-1.2943500941022277,-1.2687478804170302,-1.2772819064301302,0
2022-05-09,-1.4166723092211069,0.30564534258187936,-0.17705525412091955,-1.4154266316918138,-1.7300810398587485,-1.3996041215490094,-1.33417600098302,-1.2829713023208293,-1.2943500941022277,-1.2687478804170302,0
2022-05-10,-1.4280511010025054,0.4519373180055915,-0.12010887296651726,-1.4390400289255338,-1.761234945495064,-1.4166723092211069,-1.3996041215490094,-1.33417600098302,-1.2829713023208293,-1.2943500941022277,0
2022-05-11,-1.5389943886940884,0.4879163189218641,-1.1543448145991426,-1.506787996020698,-1.7920883314292995,-1.4280511010025054,-1.4166723092211069,-1.3996041215490094,-1.33417600098302,-1.2829713023208293,0
2022-05-12,-1.604422509260078,0.43971803467553666,-0.7287847887061278,-1.5724979037804938,-1.8220401594514528,-1.5389943886940884,-1.4280511010025054,-1.4166723092211069,-1.3996041215490094,-1.33417600098302,0
2022-05-13,-1.5361497585716877,0.09961464865567683,0.7869447280464764,-1.637575310367244,-1.8533443249388086,-1.604422509260078,-1.5389943886940884,-1.4280511010025054,-1.4166723092211069,-1.3996041215490094,1
2022-05-16,-1.4252063352342068,0.24454892593160513,1.2261073236559599,-1.7027932744457837,-1.8846985788344168,-1.5361497585716877,-1.604422509260078,-1.5389943886940884,-1.4280511010025054,-1.4166723092211069,1
2022-05-17,-1.3540888187775182,0.2767942569414721,0.73418856581556,-1.7701195740922508,-1.9144500556118798,-1.4252063352342068,-1.5361497585716877,-1.604422509260078,-1.5389943886940884,-1.4280511010025054,1
2022-05-18,-1.412405296214557,0.4977596304932972,-0.5831081999507168,-1.8342130899653748,-1.9444018788573962,-1.3540888187775182,-1.4252063352342068,-1.5361497585716877,-1.604422509260078,-1.5389943886940884,0
2022-05-19,-1.4621874763467004,0.2801885023109318,-0.5148423114132634,-1.8943710396328786,-1.9740531824008327,-1.412405296214557,-1.3540888187775182,-1.4252063352342068,-1.5361497585716877,-1.604422509260078,0
2022-05-20,-1.4564980804560013,0.7387510517249344,0.05747540942101438,-1.9517178662735062,-2.002953187883227,-1.4621874763467004,-1.412405296214557,-1.3540888187775182,-1.4252063352342068,-1.5361497585716877,1
2022-05-23,-1.3540888187775182,1.431516531631655,1.0781059742396077,-2.002880230297681,-2.030400681472232,-1.4564980804560013,-1.4621874763467004,-1.412405296214557,-1.3540888187775182,-1.4252063352342068,1
2022-05-24,-1.5645967380251837,2.254281609188681,-2.0976292632269695,-2.0564320465489208,-2.0597514677019064,-1.3540888187775182,-1.4564980804560013,-1.4621874763467004,-1.412405296214557,-1.3540888187775182,0
2022-05-25,-2.574465458145574,22.45105983108461,-11.389945820772832,-2.111108309330019,-2.0866980915383007,-1.5645967380251837,-1.3540888187775182,-1.4564980804560013,-1.4621874763467004,-1.412405296214557,0
2022-05-26,-2.590111296844997,9.09232833050215,-0.49078608581623206,-2.1610056743592185,-2.110188739994929,-2.574465458145574,-1.5645967380251837,-1.3540888187775182,-1.4564980804560013,-1.4621874763467004,0
2022-05-27,-2.5773101560909235,2.7277788382283066,0.4077372012143684,-2.207951363896424,-2.132777826956998,-2.590111296844997,-2.574465458145574,-1.5645967380251837,-1.3540888187775182,-1.4564980804560013,1
2022-05-31,-2.597223075619845,1.357521982577434,-0.6269862128306611,-2.2579892813907407,-2.1559679533232274,-2.5773101560909235,-2.590111296844997,-2.574465458145574,-1.5645967380251837,-1.3540888187775182,0
2022-06-01,-2.6313594848755146,1.1182276840305265,-1.11166058122879,-2.31182221262556,-2.1796589458595914,-2.597223075619845,-2.5773101560909235,-2.590111296844997,-2.574465458145574,-1.5645967380251837,0
2022-06-02,-2.5915336458176714,0.9688808877743007,1.376692844320044,-2.3712773832119023,-2.2014967323723,-2.6313594848755146,-2.597223075619845,-2.5773101560909235,-2.590111296844997,-2.574465458145574,1
2022-06-03,-2.5005032437435357,2.7013037243465208,2.9239187503081423,-2.4253211431443975,-2.222683390475516,-2.5915336458176714,-2.6313594848755146,-2.597223075619845,-2.5773101560909235,-2.590111296844997,1
2022-06-06,-2.4948138478528366,0.8151215725377772,0.15435607494857118,-2.4780296244982436,-2.243719789921851,-2.5005032437435357,-2.5915336458176714,-2.6313594848755146,-2.597223075619845,-2.5773101560909235,1
2022-06-07,-2.4350751231775463,1.1097420706068775,1.632706925820488,-2.5322842231817595,-2.2644556684719466,-2.4948138478528366,-2.5005032437435357,-2.5915336458176714,-2.6313594848755146,-2.597223075619845,1
2022-06-08,-2.5005032437435357,0.4818066772568367,-1.64355538659653,-2.589209385724805,-2.2851414615991876,-2.4350751231775463,-2.4948138478528366,-2.5005032437435357,-2.5915336458176714,-2.6313594848755146,0
2022-06-09,-2.5346396190877307,0.19125927363108816,-0.9455712473266209,-2.637701189240566,-2.305126039699923,-2.5005032437435357,-2.4350751231775463,-2.4948138478528366,-2.5005032437435357,-2.5915336458176714,0
2022-06-10,-2.5488631766374277,0.5476550374243545,-0.41753500359592455,-2.6353117370135015,-2.3219050719234824,-2.5346396190877307,-2.5005032437435357,-2.4350751231775463,-2.4948138478528366,-2.5005032437435357,0
2022-06-13,-2.554552572528127,0.23232964260155028,-0.17262912850395512,-2.6300408905536745,-2.33793280489184,-2.5488631766374277,-2.5346396190877307,-2.5005032437435357,-2.4350751231775463,-2.4948138478528366,0
2022-06-14,-2.5488631766374277,0.13898789494140912,0.1687095269977572,-2.6276514383266103,-2.355362964330733,-2.554552572528127,-2.5488631766374277,-2.5346396190877307,-2.5005032437435357,-2.4350751231775463,1
2022-06-15,-2.5147267334702836,0.10606371485765023,1.0163419981927428,-2.6277919941428425,-2.373494337601972,-2.5488631766374277,-2.554552572528127,-2.5488631766374277,-2.5346396190877307,-2.5005032437435357,1
2022-06-16,-2.5573972704734764,0.20856992501533253,-1.2078144966811792,-2.622731978056249,-2.3912751033599586,-2.5147267334702836,-2.5488631766374277,-2.554552572528127,-2.5488631766374277,-2.5346396190877307,0
2022-06-17,-2.506192639634235,0.7092211170106352,1.5480548974111343,-2.6150014014612415,-2.4082544844398894,-2.5573972704734764,-2.5147267334702836,-2.5488631766374277,-2.554552572528127,-2.5488631766374277,1
2022-06-21,-2.5289502231970316,0.17870056576408735,-0.6368932252076303,-2.6085358272123247,-2.4251837777086482,-2.506192639634235,-2.5573972704734764,-2.5147267334702836,-2.5488631766374277,-2.554552572528127,0
2022-06-22,-2.554552572528127,0.22248633103011722,-0.7424595380572493,-2.59827524257402,-2.4401596893314066,-2.5289502231970316,-2.506192639634235,-2.5573972704734764,-2.5147267334702836,-2.5488631766374277,0
2022-06-23,-2.506192639634235,0.4709450920745657,1.4548560212207369,-2.584922426627489,-2.453783261100644,-2.554552572528127,-2.5289502231970316,-2.506192639634235,-2.5573972704734764,-2.5147267334702836,1
2022-06-24,-2.546018478692078,5.227301128298413,-1.1124827341839312,-2.575505176886579,-2.467957786851187,-2.506192639634235,-2.554552572528127,-2.5289502231970316,-2.506192639634235,-2.5573972704734764,0
2022-06-27,-2.526105525251682,0.489274017069648,0.5888927067121846,-2.5579356831019635,-2.4809302325992504,-2.546018478692078,-2.506192639634235,-2.554552572528127,-2.5289502231970316,-2.506192639634235,1
2022-06-28,-2.483435056071438,0.34264261710898986,1.224370515864886,-2.540085077684884,-2.491047738789231,-2.526105525251682,-2.546018478692078,-2.506192639634235,-2.554552572528127,-2.5289502231970316,1
2022-06-29,-2.5289502231970316,0.4448094027297262,-1.227465587812784,-2.523077807165198,-2.4979596991020356,-2.483435056071438,-2.526105525251682,-2.546018478692078,-2.506192639634235,-2.554552572528127,0
2022-06-30,-2.6000677735651947,7.08293507178202,-2.0574492803029405,-2.507476094807835,-2.5067248642443363,-2.5289502231970316,-2.483435056071438,-2.526105525251682,-2.546018478692078,-2.506192639634235,0
2022-07-01,-2.5289502231970316,1.578826780666205,2.3194321458627942,-2.49384216722884,-2.5180945382479707,-2.6000677735651947,-2.5289502231970316,-2.483435056071438,-2.526105525251682,-2.546018478692078,1
2022-07-05,-2.4350751231775463,1.051700474789117,2.7093898824855738,-2.47781878742278,-2.5311671584242195,-2.5289502231970316,-2.6000677735651947,-2.5289502231970316,-2.483435056071438,-2.526105525251682,1
2022-07-06,-2.3696470026115564,13.453933630257838,1.63800258727218,-2.4617954076167203,-2.542962566881229,-2.4350751231775463,-2.5289502231970316,-2.6000677735651947,-2.5289502231970316,-2.483435056071438,1
2022-07-07,-2.2871506943734694,5.25038199681074,1.891736264919835,-2.444647581280802,-2.555584406310198,-2.3696470026115564,-2.4350751231775463,-2.5289502231970316,-2.6000677735651947,-2.5289502231970316,1
2022-07-08,-2.1648285470775392,2.892739163184047,2.5365808558186824,-2.4303108746206448,-2.5708071172976785,-2.2871506943734694,-2.3696470026115564,-2.4350751231775463,-2.5289502231970316,-2.6000677735651947,1
2022-07-11,-2.309908277936266,1.6280433385233704,-2.6391884561494656,-2.417379726122811,-2.588391172872462,-2.1648285470775392,-2.2871506943734694,-2.3696470026115564,-2.4350751231775463,-2.5289502231970316,0
2022-07-12,-2.179052036804287,1.5116207223509035,2.787663999998199,-2.4013563463167515,-2.602669628475661,-2.309908277936266,-2.1648285470775392,-2.2871506943734694,-2.3696470026115564,-2.4350751231775463,1
2022-07-13,-2.1875861984632845,0.7418058725574481,-0.16014119631959506,-2.383084073450975,-2.5984458581204404,-2.179052036804287,-2.309908277936266,-2.1648285470775392,-2.2871506943734694,-2.3696470026115564,0
2022-07-14,-2.2103437820260816,0.6199524637938456,-0.4261481818367524,-2.367622916909845,-2.593777216153055,-2.1875861984632845,-2.179052036804287,-2.309908277936266,-2.1648285470775392,-2.2871506943734694,0
2022-07-15,-2.2331013655888783,0.29071066295625675,-0.43644292672003127,-2.353848433514617,-2.589193877203012,-2.2103437820260816,-2.1875861984632845,-2.179052036804287,-2.309908277936266,-2.1648285470775392,0
2022-07-18,-2.2387907614795775,0.4906317152174319,-0.11389500094892913,-2.3393711693626704,-2.584052414795486,-2.2331013655888783,-2.2103437820260816,-2.1875861984632845,-2.179052036804287,-2.309908277936266,0
2022-07-19,-2.2331013655888783,0.6128245485179803,0.10903886929431453,-2.327002247480881,-2.5780355261171755,-2.2387907614795775,-2.2331013655888783,-2.2103437820260816,-2.1875861984632845,-2.179052036804287,1
2022-07-20,-2.1818967347496367,0.29410490832571645,0.9972923365568257,-2.318287780172247,-2.5726138725144434,-2.2331013655888783,-2.2387907614795775,-2.2331013655888783,-2.2103437820260816,-2.1875861984632845,1
2022-07-21,-2.1818967347496367,0.08467996903005424,-0.002776399662175084,-2.312103317555795,-2.568892811136722,-2.1818967347496367,-2.2331013655888783,-2.2387907614795775,-2.2331013655888783,-2.2103437820260816,1
2022-07-22,-2.2643931108106727,0.1854890565030067,-1.528447108359325,-2.3070433014692013,-2.5651499957395436,-2.1818967347496367,-2.1818967347496367,-2.2331013655888783,-2.2387907614795775,-2.2331013655888783,0
2022-07-25,-2.2444801573702766,-0.03513689251187242,0.399940307043435,-2.3074649689178983,-2.5625597105138636,-2.2643931108106727,-2.1818967347496367,-2.1818967347496367,-2.2331013655888783,-2.2387907614795775,1
2022-07-26,-2.22172257380748,-0.043283081398575646,0.44730650984529496,-2.3031077352635814,-2.5584143022134676,-2.2444801573702766,-2.2643931108106727,-2.1818967347496367,-2.1818967347496367,-2.2331013655888783,1
2022-07-27,-2.1562944532414905,0.13559364957194944,1.2593612825950198,-2.3024049561824196,-2.5533269286260722,-2.22172257380748,-2.2444801573702766,-2.2643931108106727,-2.1818967347496367,-2.1818967347496367,1
2022-07-28,-2.1705179429682384,0.07449723292167522,-0.2590197275460385,-2.2987504982581495,-2.5476988861477188,-2.1562944532414905,-2.22172257380748,-2.2444801573702766,-2.2643931108106727,-2.1818967347496367,0
2022-07-29,-2.250169553260976,0.15358315003008574,-1.4586580778162834,-2.28820880198738,-2.5416970777395687,-2.1705179429682384,-2.1562944532414905,-2.22172257380748,-2.2444801573702766,-2.2643931108106727,0
2022-08-01,-2.3070635799909165,0.3080213143405011,-1.1351291894375215,-2.2783698847977725,-2.535571514916797,-2.250169553260976,-2.1705179429682384,-2.1562944532414905,-2.22172257380748,-2.2444801573702766,0
2022-08-02,-2.2786166005374207,0.0968992523601091,0.6017841233950794,-2.2700770849378356,-2.5300151616951063,-2.3070635799909165,-2.250169553260976,-2.1705179429682384,-2.1562944532414905,-2.22172257380748,1
2022-08-03,-2.2587037149199736,-0.042264807787737745,0.40654081994778624,-2.263330399056454,-2.523130521319936,-2.2786166005374207,-2.3070635799909165,-2.250169553260976,-2.1705179429682384,-2.1562944532414905,1
2022-08-04,-2.2444801573702766,-0.09928812999466036,0.2830348409533743,-2.258410942137208,-2.517246555786042,-2.2587037149199736,-2.2786166005374207,-2.3070635799909165,-2.250169553260976,-2.1705179429682384,1
2022-08-05,-2.1847414326949863,-0.049392723063603074,1.178692579147806,-2.258270386320975,-2.5104813620130404,-2.2444801573702766,-2.2587037149199736,-2.2786166005374207,-2.3070635799909165,-2.250169553260976,1
2022-08-08,-2.173362640913588,-0.12236899850698617,0.20828318749308575,-2.253730427257109,-2.5026934956882187,-2.1847414326949863,-2.2444801573702766,-2.2587037149199736,-2.2786166005374207,-2.3070635799909165,1
2022-08-09,-2.22172257380748,-0.12270842304393213,-0.8892896325839114,-2.2498000396264963,-2.4958573070984897,-2.173362640913588,-2.1847414326949863,-2.2444801573702766,-2.2587037149199736,-2.2786166005374207,0
2022-08-10,-2.1648285470775392,-0.03343976982714258,1.0947347990399512,-2.246744796543984,-2.4875378146980607,-2.22172257380748,-2.173362640913588,-2.1847414326949863,-2.2444801573702766,-2.2587037149199736,1
2022-08-11,-2.1136239162382977,0.1148887528182454,0.9277223357125945,-2.2473235560172724,-2.479361724627476,-2.1648285470775392,-2.22172257380748,-2.173362640913588,-2.1847414326949863,-2.2444801573702766,1
2022-08-12,-1.9969912326560153,0.6386208133258738,2.0115937562974358,-2.247052262880697,-2.4720229230146344,-2.1136239162382977,-2.1648285470775392,-2.22172257380748,-2.173362640913588,-2.1847414326949863,1
2022-08-15,-2.03397230594556,-0.013413722147330474,-0.5766599801801163,-2.241235004638043,-2.4628739849247046,-1.9969912326560153,-2.1136239162382977,-2.1648285470775392,-2.22172257380748,-2.173362640913588,0
2022-08-16,-2.0709534470580535,0.2734000115720124,-0.5957415773078765,-2.2303700299899396,-2.4509483493826596,-2.03397230594556,-1.9969912326560153,-2.1136239162382977,-2.1648285470775392,-2.22172257380748,0
2022-08-17,-2.0965557285661998,0.10810026207932603,-0.42740820569676563,-2.2201040378120345,-2.4406413980629695,-2.0709534470580535,-2.03397230594556,-1.9969912326560153,-2.1136239162382977,-2.1648285470775392,0
2022-08-18,-2.082332238839452,-0.15189893322128536,0.2388839721793903,-2.209848855686658,-2.4328652421785373,-2.0965557285661998,-2.0709534470580535,-2.03397230594556,-1.9969912326560153,-2.1136239162382977,1
2022-08-19,-2.179052036804287,0.05311348709407924,-1.6240989614014791,-2.199070770545559,-2.426871063528967,-2.082332238839452,-2.0965557285661998,-2.0709534470580535,-2.03397230594556,-1.9969912326560153,0
